nParameters 3
nEntries 1264
Parameter_1_SampleLogSpace 1
Density Kernel_0_Parameter Rate_0_Sporulation Kernel_0_WithinCellProportion
1 2 2.02 181.272241875151 200.336809974792 0.22 0.24
1 2.36 2.38 200.336809974792 221.406416204187 0.14 0.16
0.5 2.36 2.38 164.021907299902 181.272241875151 0.3 0.32
1 2.38 2.4 200.336809974792 221.406416204187 0.22 0.24
0.5 2.4 2.42 221.406416204187 244.69193226422 0.02 0.04
1 2.4 2.42 164.021907299902 181.272241875151 0.28 0.3
0.5 2.54 2.56 221.406416204187 244.69193226422 0.08 0.1
1 2.72 2.74 244.69193226422 270.426407426153 0 0.02
0.5 2.76 2.78 181.272241875151 200.336809974792 0.2 0.22
0.5 2.8 2.82 221.406416204187 244.69193226422 0.08 0.1
1 2.8 2.82 200.336809974792 221.406416204187 0.12 0.14
0.5 2.82 2.84 221.406416204187 244.69193226422 0.06 0.08
0.25 2.84 2.86 200.336809974792 221.406416204187 0.24 0.26
1 2.86 2.88 200.336809974792 221.406416204187 0.3 0.32
0.5 2.88 2.9 221.406416204187 244.69193226422 0.02 0.04
0.5 2.92 2.94 221.406416204187 244.69193226422 0.02 0.04
1 2.96 2.98 221.406416204187 244.69193226422 0.1 0.12
0.166666666666667 3 3.02 270.426407426153 298.86740096706 0.02 0.04
0.25 3 3.02 270.426407426153 298.86740096706 0.06 0.08
0.5 3 3.02 221.406416204187 244.69193226422 0.1 0.12
0.2 3 3.02 244.69193226422 270.426407426153 0.12 0.14
0.5 3 3.02 200.336809974792 221.406416204187 0.38 0.4
0.2 3.02 3.04 244.69193226422 270.426407426153 0.02 0.04
0.333333333333333 3.02 3.04 221.406416204187 244.69193226422 0.04 0.06
0.5 3.02 3.04 244.69193226422 270.426407426153 0.04 0.06
0.5 3.02 3.04 270.426407426153 298.86740096706 0.1 0.12
0.166666666666667 3.02 3.04 221.406416204187 244.69193226422 0.16 0.18
0.2 3.02 3.04 244.69193226422 270.426407426153 0.44 0.46
0.333333333333333 3.04 3.06 221.406416204187 244.69193226422 0.02 0.04
0.2 3.04 3.06 200.336809974792 221.406416204187 0.26 0.28
0.333333333333333 3.04 3.06 200.336809974792 221.406416204187 0.28 0.3
0.166666666666667 3.06 3.08 221.406416204187 244.69193226422 0.04 0.06
0.2 3.06 3.08 221.406416204187 244.69193226422 0.16 0.18
0.125 3.06 3.08 200.336809974792 221.406416204187 0.4 0.42
0.166666666666667 3.06 3.08 221.406416204187 244.69193226422 0.52 0.54
0.333333333333333 3.08 3.1 244.69193226422 270.426407426153 0 0.02
0.333333333333333 3.08 3.1 270.426407426153 298.86740096706 0 0.02
0.166666666666667 3.08 3.1 244.69193226422 270.426407426153 0.14 0.16
0.5 3.08 3.1 221.406416204187 244.69193226422 0.26 0.28
0.2 3.1 3.12 298.86740096706 330.299559909649 0 0.02
0.333333333333333 3.1 3.12 244.69193226422 270.426407426153 0.02 0.04
0.5 3.1 3.12 244.69193226422 270.426407426153 0.06 0.08
0.1 3.1 3.12 270.426407426153 298.86740096706 0.08 0.1
0.5 3.1 3.12 270.426407426153 298.86740096706 0.1 0.12
0.166666666666667 3.12 3.14 244.69193226422 270.426407426153 0 0.02
0.333333333333333 3.12 3.14 270.426407426153 298.86740096706 0.14 0.16
0.333333333333333 3.14 3.16 244.69193226422 270.426407426153 0 0.02
1 3.16 3.18 244.69193226422 270.426407426153 0.04 0.06
0.25 3.16 3.18 270.426407426153 298.86740096706 0.04 0.06
0.125 3.16 3.18 221.406416204187 244.69193226422 0.24 0.26
0.5 3.16 3.18 200.336809974792 221.406416204187 0.44 0.46
0.5 3.16 3.18 221.406416204187 244.69193226422 0.46 0.48
0.166666666666667 3.16 3.18 298.86740096706 330.299559909649 0.66 0.68
0.142857142857143 3.18 3.2 270.426407426153 298.86740096706 0.02 0.04
0.2 3.18 3.2 244.69193226422 270.426407426153 0.06 0.08
0.333333333333333 3.18 3.2 244.69193226422 270.426407426153 0.08 0.1
0.25 3.18 3.2 270.426407426153 298.86740096706 0.62 0.64
0.5 3.2 3.22 270.426407426153 298.86740096706 0 0.02
0.333333333333333 3.2 3.22 330.299559909649 365.037467865329 0.06 0.08
0.2 3.2 3.22 244.69193226422 270.426407426153 0.22 0.24
0.142857142857143 3.2 3.22 270.426407426153 298.86740096706 0.5 0.52
0.25 3.2 3.22 298.86740096706 330.299559909649 0.5 0.52
0.2 3.2 3.22 221.406416204187 244.69193226422 0.52 0.54
0.5 3.2 3.22 298.86740096706 330.299559909649 0.68 0.7
0.2 3.22 3.24 244.69193226422 270.426407426153 0.14 0.16
0.2 3.22 3.24 270.426407426153 298.86740096706 0.14 0.16
0.5 3.22 3.24 200.336809974792 221.406416204187 0.48 0.5
0.25 3.22 3.24 221.406416204187 244.69193226422 0.5 0.52
0.5 3.22 3.24 403.428793492735 445.857770082517 0.78 0.8
0.142857142857143 3.24 3.26 330.299559909649 365.037467865329 0.08 0.1
0.166666666666667 3.24 3.26 221.406416204187 244.69193226422 0.22 0.24
0.125 3.24 3.26 221.406416204187 244.69193226422 0.5 0.52
0.333333333333333 3.24 3.26 365.037467865329 403.428793492735 0.82 0.84
0.5 3.26 3.28 270.426407426153 298.86740096706 0.02 0.04
0.25 3.26 3.28 244.69193226422 270.426407426153 0.04 0.06
0.25 3.26 3.28 244.69193226422 270.426407426153 0.06 0.08
0.5 3.26 3.28 270.426407426153 298.86740096706 0.12 0.14
0.25 3.26 3.28 270.426407426153 298.86740096706 0.2 0.22
0.25 3.26 3.28 244.69193226422 270.426407426153 0.26 0.28
0.166666666666667 3.26 3.28 221.406416204187 244.69193226422 0.3 0.32
0.2 3.26 3.28 244.69193226422 270.426407426153 0.52 0.54
0.166666666666667 3.26 3.28 330.299559909649 365.037467865329 0.76 0.78
0.5 3.26 3.28 365.037467865329 403.428793492735 0.8 0.82
0.25 3.28 3.3 244.69193226422 270.426407426153 0.12 0.14
0.333333333333333 3.28 3.3 270.426407426153 298.86740096706 0.2 0.22
1 3.28 3.3 221.406416204187 244.69193226422 0.24 0.26
0.5 3.28 3.3 270.426407426153 298.86740096706 0.44 0.46
0.333333333333333 3.28 3.3 298.86740096706 330.299559909649 0.66 0.68
0.333333333333333 3.28 3.3 330.299559909649 365.037467865329 0.72 0.74
0.25 3.3 3.32 270.426407426153 298.86740096706 0.02 0.04
0.5 3.3 3.32 270.426407426153 298.86740096706 0.1 0.12
0.5 3.3 3.32 244.69193226422 270.426407426153 0.12 0.14
0.5 3.3 3.32 270.426407426153 298.86740096706 0.12 0.14
0.333333333333333 3.3 3.32 270.426407426153 298.86740096706 0.16 0.18
0.166666666666667 3.3 3.32 244.69193226422 270.426407426153 0.36 0.38
0.333333333333333 3.3 3.32 270.426407426153 298.86740096706 0.52 0.54
0.2 3.3 3.32 270.426407426153 298.86740096706 0.6 0.62
0.5 3.32 3.34 270.426407426153 298.86740096706 0 0.02
0.2 3.32 3.34 298.86740096706 330.299559909649 0.02 0.04
0.166666666666667 3.32 3.34 270.426407426153 298.86740096706 0.16 0.18
0.166666666666667 3.32 3.34 298.86740096706 330.299559909649 0.54 0.56
0.333333333333333 3.32 3.34 270.426407426153 298.86740096706 0.66 0.68
0.25 3.34 3.36 270.426407426153 298.86740096706 0.04 0.06
0.25 3.34 3.36 298.86740096706 330.299559909649 0.06 0.08
0.25 3.34 3.36 298.86740096706 330.299559909649 0.14 0.16
0.2 3.34 3.36 244.69193226422 270.426407426153 0.4 0.42
0.2 3.34 3.36 298.86740096706 330.299559909649 0.4 0.42
0.2 3.34 3.36 270.426407426153 298.86740096706 0.48 0.5
0.2 3.34 3.36 270.426407426153 298.86740096706 0.5 0.52
0.5 3.34 3.36 298.86740096706 330.299559909649 0.68 0.7
0.333333333333333 3.36 3.38 270.426407426153 298.86740096706 0.06 0.08
0.333333333333333 3.36 3.38 270.426407426153 298.86740096706 0.08 0.1
0.333333333333333 3.36 3.38 298.86740096706 330.299559909649 0.14 0.16
0.25 3.36 3.38 270.426407426153 298.86740096706 0.18 0.2
0.25 3.36 3.38 244.69193226422 270.426407426153 0.22 0.24
0.142857142857143 3.36 3.38 298.86740096706 330.299559909649 0.22 0.24
1 3.36 3.38 244.69193226422 270.426407426153 0.24 0.26
0.142857142857143 3.36 3.38 244.69193226422 270.426407426153 0.3 0.32
0.166666666666667 3.36 3.38 244.69193226422 270.426407426153 0.32 0.34
0.333333333333333 3.36 3.38 221.406416204187 244.69193226422 0.38 0.4
0.333333333333333 3.36 3.38 270.426407426153 298.86740096706 0.44 0.46
0.166666666666667 3.36 3.38 244.69193226422 270.426407426153 0.5 0.52
0.142857142857143 3.36 3.38 298.86740096706 330.299559909649 0.7 0.72
0.166666666666667 3.36 3.38 403.428793492735 445.857770082517 0.76 0.78
0.2 3.38 3.4 270.426407426153 298.86740096706 0.04 0.06
0.333333333333333 3.38 3.4 298.86740096706 330.299559909649 0.04 0.06
0.4 3.38 3.4 298.86740096706 330.299559909649 0.06 0.08
0.333333333333333 3.38 3.4 298.86740096706 330.299559909649 0.08 0.1
0.333333333333333 3.38 3.4 298.86740096706 330.299559909649 0.14 0.16
0.25 3.38 3.4 298.86740096706 330.299559909649 0.16 0.18
0.5 3.38 3.4 270.426407426153 298.86740096706 0.38 0.4
0.166666666666667 3.38 3.4 244.69193226422 270.426407426153 0.42 0.44
0.333333333333333 3.38 3.4 270.426407426153 298.86740096706 0.54 0.56
0.5 3.38 3.4 270.426407426153 298.86740096706 0.58 0.6
0.5 3.38 3.4 330.299559909649 365.037467865329 0.7 0.72
1 3.38 3.4 403.428793492735 445.857770082517 0.72 0.74
0.25 3.38 3.4 330.299559909649 365.037467865329 0.74 0.76
0.2 3.38 3.4 365.037467865329 403.428793492735 0.76 0.78
0.2 3.4 3.42 298.86740096706 330.299559909649 0.08 0.1
1 3.4 3.42 270.426407426153 298.86740096706 0.24 0.26
0.25 3.4 3.42 270.426407426153 298.86740096706 0.26 0.28
0.333333333333333 3.4 3.42 244.69193226422 270.426407426153 0.36 0.38
0.25 3.4 3.42 298.86740096706 330.299559909649 0.4 0.42
0.333333333333333 3.4 3.42 270.426407426153 298.86740096706 0.42 0.44
0.166666666666667 3.4 3.42 221.406416204187 244.69193226422 0.5 0.52
0.333333333333333 3.4 3.42 270.426407426153 298.86740096706 0.6 0.62
0.142857142857143 3.42 3.44 298.86740096706 330.299559909649 0.02 0.04
0.5 3.42 3.44 270.426407426153 298.86740096706 0.04 0.06
0.142857142857143 3.42 3.44 270.426407426153 298.86740096706 0.06 0.08
0.333333333333333 3.42 3.44 298.86740096706 330.299559909649 0.06 0.08
0.333333333333333 3.42 3.44 298.86740096706 330.299559909649 0.12 0.14
0.2 3.42 3.44 270.426407426153 298.86740096706 0.3 0.32
0.2 3.42 3.44 244.69193226422 270.426407426153 0.32 0.34
0.166666666666667 3.42 3.44 330.299559909649 365.037467865329 0.4 0.42
0.25 3.42 3.44 270.426407426153 298.86740096706 0.56 0.58
0.5 3.42 3.44 270.426407426153 298.86740096706 0.58 0.6
0.25 3.42 3.44 330.299559909649 365.037467865329 0.68 0.7
0.25 3.42 3.44 330.299559909649 365.037467865329 0.72 0.74
0.333333333333333 3.42 3.44 365.037467865329 403.428793492735 0.74 0.76
0.333333333333333 3.44 3.46 298.86740096706 330.299559909649 0 0.02
0.333333333333333 3.44 3.46 298.86740096706 330.299559909649 0.02 0.04
0.75 3.44 3.46 330.299559909649 365.037467865329 0.02 0.04
0.333333333333333 3.44 3.46 298.86740096706 330.299559909649 0.04 0.06
0.166666666666667 3.44 3.46 298.86740096706 330.299559909649 0.12 0.14
0.5 3.44 3.46 298.86740096706 330.299559909649 0.14 0.16
0.125 3.44 3.46 330.299559909649 365.037467865329 0.18 0.2
0.2 3.44 3.46 270.426407426153 298.86740096706 0.2 0.22
0.25 3.44 3.46 270.426407426153 298.86740096706 0.36 0.38
0.25 3.44 3.46 244.69193226422 270.426407426153 0.44 0.46
0.5 3.44 3.46 298.86740096706 330.299559909649 0.5 0.52
0.333333333333333 3.44 3.46 270.426407426153 298.86740096706 0.54 0.56
0.25 3.44 3.46 270.426407426153 298.86740096706 0.56 0.58
0.166666666666667 3.44 3.46 298.86740096706 330.299559909649 0.62 0.64
0.333333333333333 3.44 3.46 330.299559909649 365.037467865329 0.64 0.66
0.25 3.44 3.46 365.037467865329 403.428793492735 0.68 0.7
0.25 3.44 3.46 330.299559909649 365.037467865329 0.7 0.72
0.2 3.44 3.46 365.037467865329 403.428793492735 0.72 0.74
0.25 3.44 3.46 365.037467865329 403.428793492735 0.8 0.82
0.142857142857143 3.46 3.48 298.86740096706 330.299559909649 0 0.02
0.25 3.46 3.48 298.86740096706 330.299559909649 0.04 0.06
0.2 3.46 3.48 330.299559909649 365.037467865329 0.12 0.14
0.166666666666667 3.46 3.48 365.037467865329 403.428793492735 0.16 0.18
0.333333333333333 3.46 3.48 330.299559909649 365.037467865329 0.2 0.22
0.333333333333333 3.46 3.48 298.86740096706 330.299559909649 0.24 0.26
0.2 3.46 3.48 298.86740096706 330.299559909649 0.28 0.3
0.4 3.46 3.48 270.426407426153 298.86740096706 0.3 0.32
0.25 3.46 3.48 330.299559909649 365.037467865329 0.68 0.7
0.25 3.46 3.48 330.299559909649 365.037467865329 0.74 0.76
0.166666666666667 3.48 3.5 270.426407426153 298.86740096706 0.04 0.06
0.166666666666667 3.48 3.5 298.86740096706 330.299559909649 0.12 0.14
0.5 3.48 3.5 298.86740096706 330.299559909649 0.14 0.16
0.333333333333333 3.48 3.5 298.86740096706 330.299559909649 0.24 0.26
0.2 3.48 3.5 270.426407426153 298.86740096706 0.26 0.28
0.5 3.48 3.5 298.86740096706 330.299559909649 0.36 0.38
0.166666666666667 3.48 3.5 270.426407426153 298.86740096706 0.4 0.42
0.2 3.48 3.5 270.426407426153 298.86740096706 0.54 0.56
0.5 3.48 3.5 365.037467865329 403.428793492735 0.58 0.6
0.5 3.48 3.5 365.037467865329 403.428793492735 0.78 0.8
0.166666666666667 3.5 3.52 330.299559909649 365.037467865329 0 0.02
0.142857142857143 3.5 3.52 298.86740096706 330.299559909649 0.04 0.06
0.0769230769230769 3.5 3.52 298.86740096706 330.299559909649 0.06 0.08
0.166666666666667 3.5 3.52 298.86740096706 330.299559909649 0.08 0.1
0.166666666666667 3.5 3.52 330.299559909649 365.037467865329 0.08 0.1
0.125 3.5 3.52 270.426407426153 298.86740096706 0.1 0.12
0.5 3.5 3.52 298.86740096706 330.299559909649 0.12 0.14
0.1 3.5 3.52 330.299559909649 365.037467865329 0.12 0.14
0.125 3.5 3.52 365.037467865329 403.428793492735 0.12 0.14
0.111111111111111 3.5 3.52 298.86740096706 330.299559909649 0.14 0.16
0.142857142857143 3.5 3.52 298.86740096706 330.299559909649 0.16 0.18
0.1 3.5 3.52 270.426407426153 298.86740096706 0.18 0.2
0.0833333333333333 3.5 3.52 244.69193226422 270.426407426153 0.2 0.22
0.142857142857143 3.5 3.52 298.86740096706 330.299559909649 0.22 0.24
0.6 3.5 3.52 298.86740096706 330.299559909649 0.24 0.26
0.142857142857143 3.5 3.52 244.69193226422 270.426407426153 0.28 0.3
0.0909090909090909 3.5 3.52 270.426407426153 298.86740096706 0.38 0.4
0.1 3.5 3.52 298.86740096706 330.299559909649 0.42 0.44
0.142857142857143 3.5 3.52 270.426407426153 298.86740096706 0.46 0.48
0.111111111111111 3.5 3.52 298.86740096706 330.299559909649 0.46 0.48
0.125 3.5 3.52 330.299559909649 365.037467865329 0.5 0.52
0.0833333333333333 3.5 3.52 244.69193226422 270.426407426153 0.52 0.54
0.0909090909090909 3.5 3.52 270.426407426153 298.86740096706 0.52 0.54
0.142857142857143 3.5 3.52 298.86740096706 330.299559909649 0.52 0.54
0.0909090909090909 3.5 3.52 330.299559909649 365.037467865329 0.54 0.56
0.125 3.5 3.52 330.299559909649 365.037467865329 0.56 0.58
0.166666666666667 3.5 3.52 330.299559909649 365.037467865329 0.58 0.6
0.1 3.5 3.52 330.299559909649 365.037467865329 0.68 0.7
0.125 3.5 3.52 403.428793492735 445.857770082517 0.74 0.76
0.1 3.52 3.54 330.299559909649 365.037467865329 0.02 0.04
0.142857142857143 3.52 3.54 330.299559909649 365.037467865329 0.04 0.06
0.0769230769230769 3.52 3.54 298.86740096706 330.299559909649 0.06 0.08
0.2 3.52 3.54 403.428793492735 445.857770082517 0.06 0.08
0.166666666666667 3.52 3.54 298.86740096706 330.299559909649 0.08 0.1
0.111111111111111 3.52 3.54 298.86740096706 330.299559909649 0.12 0.14
0.111111111111111 3.52 3.54 270.426407426153 298.86740096706 0.14 0.16
0.210526315789474 3.52 3.54 298.86740096706 330.299559909649 0.16 0.18
0.111111111111111 3.52 3.54 298.86740096706 330.299559909649 0.18 0.2
0.333333333333333 3.52 3.54 330.299559909649 365.037467865329 0.2 0.22
0.1 3.52 3.54 244.69193226422 270.426407426153 0.22 0.24
0.0909090909090909 3.52 3.54 330.299559909649 365.037467865329 0.22 0.24
0.1 3.52 3.54 270.426407426153 298.86740096706 0.26 0.28
0.111111111111111 3.52 3.54 298.86740096706 330.299559909649 0.26 0.28
0.333333333333333 3.52 3.54 270.426407426153 298.86740096706 0.28 0.3
0.181818181818182 3.52 3.54 298.86740096706 330.299559909649 0.28 0.3
0.111111111111111 3.52 3.54 270.426407426153 298.86740096706 0.3 0.32
0.111111111111111 3.52 3.54 298.86740096706 330.299559909649 0.3 0.32
0.142857142857143 3.52 3.54 270.426407426153 298.86740096706 0.32 0.34
0.0909090909090909 3.52 3.54 298.86740096706 330.299559909649 0.34 0.36
0.0833333333333333 3.52 3.54 330.299559909649 365.037467865329 0.36 0.38
0.142857142857143 3.52 3.54 270.426407426153 298.86740096706 0.42 0.44
0.2 3.52 3.54 330.299559909649 365.037467865329 0.48 0.5
0.0666666666666667 3.52 3.54 365.037467865329 403.428793492735 0.54 0.56
0.0769230769230769 3.52 3.54 365.037467865329 403.428793492735 0.58 0.6
0.111111111111111 3.52 3.54 298.86740096706 330.299559909649 0.6 0.62
0.111111111111111 3.54 3.56 298.86740096706 330.299559909649 0 0.02
0.1 3.54 3.56 298.86740096706 330.299559909649 0.02 0.04
0.142857142857143 3.54 3.56 330.299559909649 365.037467865329 0.02 0.04
0.0909090909090909 3.54 3.56 298.86740096706 330.299559909649 0.04 0.06
0.125 3.54 3.56 365.037467865329 403.428793492735 0.04 0.06
0.2 3.54 3.56 298.86740096706 330.299559909649 0.06 0.08
0.0833333333333333 3.54 3.56 365.037467865329 403.428793492735 0.06 0.08
0.166666666666667 3.54 3.56 330.299559909649 365.037467865329 0.1 0.12
0.125 3.54 3.56 270.426407426153 298.86740096706 0.12 0.14
0.125 3.54 3.56 330.299559909649 365.037467865329 0.12 0.14
0.2 3.54 3.56 365.037467865329 403.428793492735 0.12 0.14
0.0909090909090909 3.54 3.56 298.86740096706 330.299559909649 0.16 0.18
0.333333333333333 3.54 3.56 330.299559909649 365.037467865329 0.16 0.18
0.1 3.54 3.56 365.037467865329 403.428793492735 0.22 0.24
0.0714285714285714 3.54 3.56 298.86740096706 330.299559909649 0.24 0.26
0.2 3.54 3.56 270.426407426153 298.86740096706 0.26 0.28
0.1 3.54 3.56 365.037467865329 403.428793492735 0.3 0.32
0.1 3.54 3.56 298.86740096706 330.299559909649 0.34 0.36
0.2 3.54 3.56 330.299559909649 365.037467865329 0.36 0.38
0.1 3.54 3.56 330.299559909649 365.037467865329 0.38 0.4
0.1 3.54 3.56 330.299559909649 365.037467865329 0.4 0.42
0.2 3.54 3.56 298.86740096706 330.299559909649 0.46 0.48
0.0833333333333333 3.54 3.56 330.299559909649 365.037467865329 0.48 0.5
0.166666666666667 3.54 3.56 365.037467865329 403.428793492735 0.6 0.62
0.0625 3.54 3.56 330.299559909649 365.037467865329 0.62 0.64
0.2 3.54 3.56 330.299559909649 365.037467865329 0.64 0.66
0.0833333333333333 3.54 3.56 365.037467865329 403.428793492735 0.7 0.72
0.0833333333333333 3.54 3.56 330.299559909649 365.037467865329 0.72 0.74
0.166666666666667 3.54 3.56 403.428793492735 445.857770082517 0.72 0.74
0.142857142857143 3.56 3.58 365.037467865329 403.428793492735 0 0.02
0.166666666666667 3.56 3.58 403.428793492735 445.857770082517 0 0.02
0.111111111111111 3.56 3.58 298.86740096706 330.299559909649 0.02 0.04
0.2 3.56 3.58 365.037467865329 403.428793492735 0.02 0.04
0.2 3.56 3.58 298.86740096706 330.299559909649 0.04 0.06
0.333333333333333 3.56 3.58 330.299559909649 365.037467865329 0.04 0.06
0.25 3.56 3.58 330.299559909649 365.037467865329 0.06 0.08
0.142857142857143 3.56 3.58 298.86740096706 330.299559909649 0.08 0.1
0.0666666666666667 3.56 3.58 365.037467865329 403.428793492735 0.08 0.1
0.0769230769230769 3.56 3.58 298.86740096706 330.299559909649 0.12 0.14
0.1 3.56 3.58 330.299559909649 365.037467865329 0.12 0.14
0.125 3.56 3.58 365.037467865329 403.428793492735 0.12 0.14
0.111111111111111 3.56 3.58 403.428793492735 445.857770082517 0.12 0.14
0.0666666666666667 3.56 3.58 330.299559909649 365.037467865329 0.14 0.16
0.25 3.56 3.58 298.86740096706 330.299559909649 0.16 0.18
0.333333333333333 3.56 3.58 298.86740096706 330.299559909649 0.18 0.2
0.0769230769230769 3.56 3.58 244.69193226422 270.426407426153 0.22 0.24
0.125 3.56 3.58 298.86740096706 330.299559909649 0.24 0.26
0.166666666666667 3.56 3.58 330.299559909649 365.037467865329 0.24 0.26
0.25 3.56 3.58 298.86740096706 330.299559909649 0.26 0.28
0.1 3.56 3.58 270.426407426153 298.86740096706 0.28 0.3
0.0909090909090909 3.56 3.58 298.86740096706 330.299559909649 0.28 0.3
0.333333333333333 3.56 3.58 244.69193226422 270.426407426153 0.3 0.32
0.142857142857143 3.56 3.58 298.86740096706 330.299559909649 0.3 0.32
0.0909090909090909 3.56 3.58 365.037467865329 403.428793492735 0.3 0.32
0.111111111111111 3.56 3.58 270.426407426153 298.86740096706 0.34 0.36
0.0909090909090909 3.56 3.58 330.299559909649 365.037467865329 0.34 0.36
0.2 3.56 3.58 298.86740096706 330.299559909649 0.36 0.38
0.0909090909090909 3.56 3.58 270.426407426153 298.86740096706 0.42 0.44
0.166666666666667 3.56 3.58 270.426407426153 298.86740096706 0.44 0.46
0.111111111111111 3.56 3.58 298.86740096706 330.299559909649 0.44 0.46
0.111111111111111 3.56 3.58 298.86740096706 330.299559909649 0.46 0.48
0.142857142857143 3.56 3.58 365.037467865329 403.428793492735 0.48 0.5
0.111111111111111 3.56 3.58 330.299559909649 365.037467865329 0.5 0.52
0.166666666666667 3.56 3.58 365.037467865329 403.428793492735 0.5 0.52
0.25 3.56 3.58 330.299559909649 365.037467865329 0.54 0.56
0.166666666666667 3.56 3.58 403.428793492735 445.857770082517 0.58 0.6
0.1 3.56 3.58 330.299559909649 365.037467865329 0.6 0.62
0.142857142857143 3.56 3.58 330.299559909649 365.037467865329 0.66 0.68
0.142857142857143 3.56 3.58 403.428793492735 445.857770082517 0.66 0.68
0.25 3.56 3.58 365.037467865329 403.428793492735 0.68 0.7
0.2 3.56 3.58 403.428793492735 445.857770082517 0.76 0.78
0.333333333333333 3.58 3.6 330.299559909649 365.037467865329 0 0.02
0.181818181818182 3.58 3.6 330.299559909649 365.037467865329 0.04 0.06
0.0833333333333333 3.58 3.6 298.86740096706 330.299559909649 0.06 0.08
0.0769230769230769 3.58 3.6 330.299559909649 365.037467865329 0.08 0.1
0.166666666666667 3.58 3.6 330.299559909649 365.037467865329 0.1 0.12
0.0833333333333333 3.58 3.6 365.037467865329 403.428793492735 0.1 0.12
0.166666666666667 3.58 3.6 298.86740096706 330.299559909649 0.16 0.18
0.111111111111111 3.58 3.6 330.299559909649 365.037467865329 0.16 0.18
0.166666666666667 3.58 3.6 298.86740096706 330.299559909649 0.22 0.24
0.181818181818182 3.58 3.6 330.299559909649 365.037467865329 0.22 0.24
0.142857142857143 3.58 3.6 330.299559909649 365.037467865329 0.24 0.26
0.142857142857143 3.58 3.6 298.86740096706 330.299559909649 0.28 0.3
0.166666666666667 3.58 3.6 298.86740096706 330.299559909649 0.32 0.34
0.0625 3.58 3.6 365.037467865329 403.428793492735 0.32 0.34
0.166666666666667 3.58 3.6 330.299559909649 365.037467865329 0.34 0.36
0.1 3.58 3.6 298.86740096706 330.299559909649 0.36 0.38
0.111111111111111 3.58 3.6 298.86740096706 330.299559909649 0.4 0.42
0.111111111111111 3.58 3.6 330.299559909649 365.037467865329 0.4 0.42
0.2 3.58 3.6 330.299559909649 365.037467865329 0.42 0.44
0.125 3.58 3.6 330.299559909649 365.037467865329 0.44 0.46
0.2 3.58 3.6 365.037467865329 403.428793492735 0.44 0.46
0.142857142857143 3.58 3.6 298.86740096706 330.299559909649 0.46 0.48
0.166666666666667 3.58 3.6 330.299559909649 365.037467865329 0.46 0.48
0.0714285714285714 3.58 3.6 270.426407426153 298.86740096706 0.5 0.52
0.1 3.58 3.6 298.86740096706 330.299559909649 0.5 0.52
0.142857142857143 3.58 3.6 365.037467865329 403.428793492735 0.52 0.54
0.333333333333333 3.58 3.6 298.86740096706 330.299559909649 0.54 0.56
0.111111111111111 3.58 3.6 330.299559909649 365.037467865329 0.56 0.58
0.0909090909090909 3.58 3.6 365.037467865329 403.428793492735 0.7 0.72
0.166666666666667 3.58 3.6 403.428793492735 445.857770082517 0.7 0.72
0.166666666666667 3.58 3.6 403.428793492735 445.857770082517 0.76 0.78
0.0714285714285714 3.58 3.6 445.857770082517 492.749041093256 0.8 0.82
0.333333333333333 3.6 3.62 298.86740096706 330.299559909649 0 0.02
0.142857142857143 3.6 3.62 330.299559909649 365.037467865329 0 0.02
0.142857142857143 3.6 3.62 365.037467865329 403.428793492735 0 0.02
0.0909090909090909 3.6 3.62 298.86740096706 330.299559909649 0.02 0.04
0.125 3.6 3.62 403.428793492735 445.857770082517 0.02 0.04
0.111111111111111 3.6 3.62 330.299559909649 365.037467865329 0.06 0.08
0.2 3.6 3.62 330.299559909649 365.037467865329 0.1 0.12
0.2 3.6 3.62 298.86740096706 330.299559909649 0.12 0.14
0.125 3.6 3.62 330.299559909649 365.037467865329 0.14 0.16
0.428571428571429 3.6 3.62 330.299559909649 365.037467865329 0.18 0.2
0.1 3.6 3.62 365.037467865329 403.428793492735 0.18 0.2
0.153846153846154 3.6 3.62 330.299559909649 365.037467865329 0.2 0.22
0.1 3.6 3.62 298.86740096706 330.299559909649 0.22 0.24
0.111111111111111 3.6 3.62 330.299559909649 365.037467865329 0.22 0.24
0.181818181818182 3.6 3.62 330.299559909649 365.037467865329 0.28 0.3
0.2 3.6 3.62 330.299559909649 365.037467865329 0.34 0.36
0.166666666666667 3.6 3.62 365.037467865329 403.428793492735 0.34 0.36
0.142857142857143 3.6 3.62 365.037467865329 403.428793492735 0.36 0.38
0.0909090909090909 3.6 3.62 270.426407426153 298.86740096706 0.44 0.46
0.333333333333333 3.6 3.62 298.86740096706 330.299559909649 0.46 0.48
0.0909090909090909 3.6 3.62 330.299559909649 365.037467865329 0.46 0.48
0.111111111111111 3.6 3.62 403.428793492735 445.857770082517 0.48 0.5
0.0833333333333333 3.6 3.62 270.426407426153 298.86740096706 0.5 0.52
0.25 3.6 3.62 298.86740096706 330.299559909649 0.5 0.52
0.142857142857143 3.6 3.62 298.86740096706 330.299559909649 0.54 0.56
0.125 3.6 3.62 298.86740096706 330.299559909649 0.58 0.6
0.125 3.6 3.62 365.037467865329 403.428793492735 0.6 0.62
0.0714285714285714 3.6 3.62 365.037467865329 403.428793492735 0.62 0.64
0.111111111111111 3.6 3.62 365.037467865329 403.428793492735 0.64 0.66
0.4 3.6 3.62 365.037467865329 403.428793492735 0.66 0.68
0.125 3.6 3.62 330.299559909649 365.037467865329 0.72 0.74
0.111111111111111 3.6 3.62 365.037467865329 403.428793492735 0.72 0.74
0.1 3.6 3.62 330.299559909649 365.037467865329 0.74 0.76
0.142857142857143 3.6 3.62 445.857770082517 492.749041093256 0.76 0.78
0.2 3.6 3.62 492.749041093256 544.571910125929 0.76 0.78
0.166666666666667 3.6 3.62 445.857770082517 492.749041093256 0.8 0.82
0.0625 3.62 3.64 365.037467865329 403.428793492735 0.02 0.04
0.25 3.62 3.64 365.037467865329 403.428793492735 0.04 0.06
0.111111111111111 3.62 3.64 298.86740096706 330.299559909649 0.06 0.08
0.25 3.62 3.64 365.037467865329 403.428793492735 0.06 0.08
0.142857142857143 3.62 3.64 330.299559909649 365.037467865329 0.08 0.1
0.166666666666667 3.62 3.64 365.037467865329 403.428793492735 0.08 0.1
0.0714285714285714 3.62 3.64 298.86740096706 330.299559909649 0.1 0.12
0.142857142857143 3.62 3.64 365.037467865329 403.428793492735 0.1 0.12
0.166666666666667 3.62 3.64 365.037467865329 403.428793492735 0.12 0.14
0.2 3.62 3.64 270.426407426153 298.86740096706 0.16 0.18
0.142857142857143 3.62 3.64 298.86740096706 330.299559909649 0.16 0.18
0.142857142857143 3.62 3.64 330.299559909649 365.037467865329 0.18 0.2
0.142857142857143 3.62 3.64 365.037467865329 403.428793492735 0.2 0.22
0.0833333333333333 3.62 3.64 298.86740096706 330.299559909649 0.22 0.24
0.166666666666667 3.62 3.64 298.86740096706 330.299559909649 0.26 0.28
0.1 3.62 3.64 330.299559909649 365.037467865329 0.28 0.3
0.2 3.62 3.64 298.86740096706 330.299559909649 0.3 0.32
0.0833333333333333 3.62 3.64 330.299559909649 365.037467865329 0.3 0.32
0.125 3.62 3.64 270.426407426153 298.86740096706 0.32 0.34
0.285714285714286 3.62 3.64 298.86740096706 330.299559909649 0.32 0.34
0.0833333333333333 3.62 3.64 298.86740096706 330.299559909649 0.38 0.4
0.0769230769230769 3.62 3.64 365.037467865329 403.428793492735 0.4 0.42
0.1 3.62 3.64 298.86740096706 330.299559909649 0.42 0.44
0.166666666666667 3.62 3.64 298.86740096706 330.299559909649 0.44 0.46
0.2 3.62 3.64 330.299559909649 365.037467865329 0.44 0.46
0.2 3.62 3.64 298.86740096706 330.299559909649 0.5 0.52
0.142857142857143 3.62 3.64 298.86740096706 330.299559909649 0.56 0.58
0.1 3.62 3.64 365.037467865329 403.428793492735 0.56 0.58
0.111111111111111 3.62 3.64 330.299559909649 365.037467865329 0.58 0.6
0.153846153846154 3.62 3.64 365.037467865329 403.428793492735 0.58 0.6
0.0909090909090909 3.62 3.64 403.428793492735 445.857770082517 0.66 0.68
0.111111111111111 3.62 3.64 403.428793492735 445.857770082517 0.68 0.7
0.111111111111111 3.62 3.64 445.857770082517 492.749041093256 0.68 0.7
0.1 3.62 3.64 365.037467865329 403.428793492735 0.7 0.72
0.2 3.62 3.64 445.857770082517 492.749041093256 0.74 0.76
0.333333333333333 3.62 3.64 492.749041093256 544.571910125929 0.74 0.76
0.181818181818182 3.62 3.64 445.857770082517 492.749041093256 0.78 0.8
0.2 3.62 3.64 492.749041093256 544.571910125929 0.78 0.8
0.142857142857143 3.64 3.66 403.428793492735 445.857770082517 0 0.02
0.25 3.64 3.66 403.428793492735 445.857770082517 0.02 0.04
0.142857142857143 3.64 3.66 365.037467865329 403.428793492735 0.06 0.08
0.142857142857143 3.64 3.66 298.86740096706 330.299559909649 0.08 0.1
0.153846153846154 3.64 3.66 330.299559909649 365.037467865329 0.08 0.1
0.0769230769230769 3.64 3.66 365.037467865329 403.428793492735 0.08 0.1
0.111111111111111 3.64 3.66 365.037467865329 403.428793492735 0.1 0.12
0.375 3.64 3.66 330.299559909649 365.037467865329 0.12 0.14
0.2 3.64 3.66 365.037467865329 403.428793492735 0.12 0.14
0.111111111111111 3.64 3.66 330.299559909649 365.037467865329 0.14 0.16
0.2 3.64 3.66 298.86740096706 330.299559909649 0.18 0.2
0.111111111111111 3.64 3.66 365.037467865329 403.428793492735 0.18 0.2
0.125 3.64 3.66 365.037467865329 403.428793492735 0.2 0.22
0.166666666666667 3.64 3.66 365.037467865329 403.428793492735 0.26 0.28
0.1 3.64 3.66 330.299559909649 365.037467865329 0.28 0.3
0.181818181818182 3.64 3.66 365.037467865329 403.428793492735 0.28 0.3
0.0769230769230769 3.64 3.66 270.426407426153 298.86740096706 0.34 0.36
0.125 3.64 3.66 330.299559909649 365.037467865329 0.34 0.36
0.0833333333333333 3.64 3.66 298.86740096706 330.299559909649 0.36 0.38
0.166666666666667 3.64 3.66 298.86740096706 330.299559909649 0.38 0.4
0.2 3.64 3.66 330.299559909649 365.037467865329 0.44 0.46
0.0625 3.64 3.66 298.86740096706 330.299559909649 0.46 0.48
0.2 3.64 3.66 330.299559909649 365.037467865329 0.46 0.48
0.1 3.64 3.66 330.299559909649 365.037467865329 0.5 0.52
0.0909090909090909 3.64 3.66 365.037467865329 403.428793492735 0.56 0.58
0.142857142857143 3.64 3.66 330.299559909649 365.037467865329 0.6 0.62
0.2 3.64 3.66 365.037467865329 403.428793492735 0.6 0.62
0.1 3.64 3.66 298.86740096706 330.299559909649 0.62 0.64
0.0769230769230769 3.64 3.66 445.857770082517 492.749041093256 0.64 0.66
0.111111111111111 3.64 3.66 365.037467865329 403.428793492735 0.66 0.68
0.142857142857143 3.64 3.66 403.428793492735 445.857770082517 0.66 0.68
0.1 3.64 3.66 365.037467865329 403.428793492735 0.68 0.7
0.25 3.64 3.66 445.857770082517 492.749041093256 0.68 0.7
0.1 3.64 3.66 445.857770082517 492.749041093256 0.8 0.82
0.125 3.64 3.66 445.857770082517 492.749041093256 0.82 0.84
0.2 3.66 3.68 365.037467865329 403.428793492735 0 0.02
0.0909090909090909 3.66 3.68 403.428793492735 445.857770082517 0 0.02
0.142857142857143 3.66 3.68 330.299559909649 365.037467865329 0.02 0.04
0.25 3.66 3.68 365.037467865329 403.428793492735 0.02 0.04
0.111111111111111 3.66 3.68 330.299559909649 365.037467865329 0.06 0.08
0.0625 3.66 3.68 365.037467865329 403.428793492735 0.06 0.08
0.1 3.66 3.68 298.86740096706 330.299559909649 0.1 0.12
0.0833333333333333 3.66 3.68 330.299559909649 365.037467865329 0.1 0.12
0.0714285714285714 3.66 3.68 365.037467865329 403.428793492735 0.12 0.14
0.111111111111111 3.66 3.68 403.428793492735 445.857770082517 0.12 0.14
0.111111111111111 3.66 3.68 330.299559909649 365.037467865329 0.14 0.16
0.2 3.66 3.68 403.428793492735 445.857770082517 0.14 0.16
0.2 3.66 3.68 330.299559909649 365.037467865329 0.16 0.18
0.142857142857143 3.66 3.68 365.037467865329 403.428793492735 0.16 0.18
0.0833333333333333 3.66 3.68 298.86740096706 330.299559909649 0.18 0.2
0.25 3.66 3.68 330.299559909649 365.037467865329 0.18 0.2
0.166666666666667 3.66 3.68 330.299559909649 365.037467865329 0.2 0.22
0.111111111111111 3.66 3.68 365.037467865329 403.428793492735 0.2 0.22
0.0833333333333333 3.66 3.68 330.299559909649 365.037467865329 0.22 0.24
0.2 3.66 3.68 365.037467865329 403.428793492735 0.22 0.24
0.0833333333333333 3.66 3.68 298.86740096706 330.299559909649 0.28 0.3
0.125 3.66 3.68 270.426407426153 298.86740096706 0.3 0.32
0.285714285714286 3.66 3.68 298.86740096706 330.299559909649 0.3 0.32
0.111111111111111 3.66 3.68 365.037467865329 403.428793492735 0.3 0.32
0.0769230769230769 3.66 3.68 298.86740096706 330.299559909649 0.34 0.36
0.0909090909090909 3.66 3.68 330.299559909649 365.037467865329 0.38 0.4
0.153846153846154 3.66 3.68 330.299559909649 365.037467865329 0.4 0.42
0.125 3.66 3.68 298.86740096706 330.299559909649 0.42 0.44
0.333333333333333 3.66 3.68 330.299559909649 365.037467865329 0.42 0.44
0.0769230769230769 3.66 3.68 403.428793492735 445.857770082517 0.42 0.44
0.0666666666666667 3.66 3.68 330.299559909649 365.037467865329 0.44 0.46
0.166666666666667 3.66 3.68 365.037467865329 403.428793492735 0.44 0.46
0.181818181818182 3.66 3.68 330.299559909649 365.037467865329 0.48 0.5
0.166666666666667 3.66 3.68 365.037467865329 403.428793492735 0.48 0.5
0.0909090909090909 3.66 3.68 330.299559909649 365.037467865329 0.52 0.54
0.1 3.66 3.68 403.428793492735 445.857770082517 0.52 0.54
0.2 3.66 3.68 330.299559909649 365.037467865329 0.54 0.56
0.0909090909090909 3.66 3.68 365.037467865329 403.428793492735 0.54 0.56
0.0909090909090909 3.66 3.68 403.428793492735 445.857770082517 0.54 0.56
0.2 3.66 3.68 365.037467865329 403.428793492735 0.6 0.62
0.111111111111111 3.66 3.68 403.428793492735 445.857770082517 0.64 0.66
0.2 3.66 3.68 403.428793492735 445.857770082517 0.66 0.68
0.1 3.66 3.68 445.857770082517 492.749041093256 0.66 0.68
0.2 3.66 3.68 492.749041093256 544.571910125929 0.7 0.72
0.25 3.66 3.68 445.857770082517 492.749041093256 0.72 0.74
0.0833333333333333 3.66 3.68 403.428793492735 445.857770082517 0.74 0.76
0.2 3.66 3.68 445.857770082517 492.749041093256 0.76 0.78
0.2 3.68 3.7 330.299559909649 365.037467865329 0 0.02
0.166666666666667 3.68 3.7 403.428793492735 445.857770082517 0 0.02
0.142857142857143 3.68 3.7 445.857770082517 492.749041093256 0 0.02
0.307692307692308 3.68 3.7 403.428793492735 445.857770082517 0.04 0.06
0.166666666666667 3.68 3.7 403.428793492735 445.857770082517 0.06 0.08
0.111111111111111 3.68 3.7 365.037467865329 403.428793492735 0.08 0.1
0.125 3.68 3.7 365.037467865329 403.428793492735 0.12 0.14
0.1 3.68 3.7 403.428793492735 445.857770082517 0.12 0.14
0.0714285714285714 3.68 3.7 330.299559909649 365.037467865329 0.16 0.18
0.125 3.68 3.7 365.037467865329 403.428793492735 0.16 0.18
0.166666666666667 3.68 3.7 298.86740096706 330.299559909649 0.18 0.2
0.111111111111111 3.68 3.7 330.299559909649 365.037467865329 0.18 0.2
0.0909090909090909 3.68 3.7 365.037467865329 403.428793492735 0.18 0.2
0.0769230769230769 3.68 3.7 330.299559909649 365.037467865329 0.2 0.22
0.2 3.68 3.7 365.037467865329 403.428793492735 0.2 0.22
0.333333333333333 3.68 3.7 298.86740096706 330.299559909649 0.24 0.26
0.142857142857143 3.68 3.7 330.299559909649 365.037467865329 0.24 0.26
0.0769230769230769 3.68 3.7 365.037467865329 403.428793492735 0.24 0.26
0.2 3.68 3.7 298.86740096706 330.299559909649 0.26 0.28
0.1 3.68 3.7 330.299559909649 365.037467865329 0.26 0.28
0.111111111111111 3.68 3.7 330.299559909649 365.037467865329 0.28 0.3
0.0909090909090909 3.68 3.7 365.037467865329 403.428793492735 0.32 0.34
0.142857142857143 3.68 3.7 330.299559909649 365.037467865329 0.38 0.4
0.0909090909090909 3.68 3.7 365.037467865329 403.428793492735 0.44 0.46
0.181818181818182 3.68 3.7 330.299559909649 365.037467865329 0.46 0.48
0.333333333333333 3.68 3.7 403.428793492735 445.857770082517 0.48 0.5
0.375 3.68 3.7 330.299559909649 365.037467865329 0.5 0.52
0.125 3.68 3.7 298.86740096706 330.299559909649 0.54 0.56
0.0769230769230769 3.68 3.7 365.037467865329 403.428793492735 0.54 0.56
0.285714285714286 3.68 3.7 330.299559909649 365.037467865329 0.58 0.6
0.142857142857143 3.68 3.7 365.037467865329 403.428793492735 0.58 0.6
0.166666666666667 3.68 3.7 365.037467865329 403.428793492735 0.6 0.62
0.0769230769230769 3.68 3.7 365.037467865329 403.428793492735 0.62 0.64
0.166666666666667 3.68 3.7 298.86740096706 330.299559909649 0.64 0.66
0.1 3.68 3.7 365.037467865329 403.428793492735 0.64 0.66
0.111111111111111 3.68 3.7 445.857770082517 492.749041093256 0.7 0.72
0.125 3.68 3.7 365.037467865329 403.428793492735 0.72 0.74
0.125 3.68 3.7 365.037467865329 403.428793492735 0.76 0.78
0.142857142857143 3.68 3.7 445.857770082517 492.749041093256 0.78 0.8
0.0909090909090909 3.7 3.72 365.037467865329 403.428793492735 0 0.02
0.142857142857143 3.7 3.72 403.428793492735 445.857770082517 0 0.02
0.2 3.7 3.72 330.299559909649 365.037467865329 0.02 0.04
0.333333333333333 3.7 3.72 365.037467865329 403.428793492735 0.02 0.04
0.166666666666667 3.7 3.72 365.037467865329 403.428793492735 0.1 0.12
0.111111111111111 3.7 3.72 403.428793492735 445.857770082517 0.16 0.18
0.125 3.7 3.72 298.86740096706 330.299559909649 0.18 0.2
0.1 3.7 3.72 330.299559909649 365.037467865329 0.18 0.2
0.2 3.7 3.72 365.037467865329 403.428793492735 0.2 0.22
0.166666666666667 3.7 3.72 330.299559909649 365.037467865329 0.22 0.24
0.222222222222222 3.7 3.72 330.299559909649 365.037467865329 0.28 0.3
0.142857142857143 3.7 3.72 330.299559909649 365.037467865329 0.32 0.34
0.0909090909090909 3.7 3.72 365.037467865329 403.428793492735 0.32 0.34
0.111111111111111 3.7 3.72 298.86740096706 330.299559909649 0.34 0.36
0.166666666666667 3.7 3.72 403.428793492735 445.857770082517 0.34 0.36
0.2 3.7 3.72 270.426407426153 298.86740096706 0.36 0.38
0.333333333333333 3.7 3.72 298.86740096706 330.299559909649 0.36 0.38
0.1 3.7 3.72 365.037467865329 403.428793492735 0.36 0.38
0.333333333333333 3.7 3.72 330.299559909649 365.037467865329 0.42 0.44
0.25 3.7 3.72 365.037467865329 403.428793492735 0.44 0.46
0.25 3.7 3.72 330.299559909649 365.037467865329 0.5 0.52
0.1 3.7 3.72 365.037467865329 403.428793492735 0.52 0.54
0.0833333333333333 3.7 3.72 365.037467865329 403.428793492735 0.54 0.56
0.181818181818182 3.7 3.72 403.428793492735 445.857770082517 0.54 0.56
0.125 3.7 3.72 403.428793492735 445.857770082517 0.58 0.6
0.0909090909090909 3.7 3.72 403.428793492735 445.857770082517 0.6 0.62
0.111111111111111 3.7 3.72 403.428793492735 445.857770082517 0.64 0.66
0.0769230769230769 3.7 3.72 365.037467865329 403.428793492735 0.66 0.68
0.125 3.7 3.72 445.857770082517 492.749041093256 0.68 0.7
0.2 3.7 3.72 403.428793492735 445.857770082517 0.7 0.72
0.166666666666667 3.7 3.72 492.749041093256 544.571910125929 0.7 0.72
0.125 3.7 3.72 445.857770082517 492.749041093256 0.72 0.74
0.2 3.7 3.72 403.428793492735 445.857770082517 0.76 0.78
0.1 3.7 3.72 492.749041093256 544.571910125929 0.86 0.88
0.2 3.72 3.74 403.428793492735 445.857770082517 0 0.02
0.222222222222222 3.72 3.74 330.299559909649 365.037467865329 0.02 0.04
0.0833333333333333 3.72 3.74 365.037467865329 403.428793492735 0.02 0.04
0.166666666666667 3.72 3.74 298.86740096706 330.299559909649 0.04 0.06
0.0714285714285714 3.72 3.74 330.299559909649 365.037467865329 0.04 0.06
0.166666666666667 3.72 3.74 365.037467865329 403.428793492735 0.04 0.06
0.0714285714285714 3.72 3.74 330.299559909649 365.037467865329 0.06 0.08
0.166666666666667 3.72 3.74 365.037467865329 403.428793492735 0.06 0.08
0.166666666666667 3.72 3.74 403.428793492735 445.857770082517 0.06 0.08
0.1 3.72 3.74 445.857770082517 492.749041093256 0.06 0.08
0.2 3.72 3.74 330.299559909649 365.037467865329 0.08 0.1
0.285714285714286 3.72 3.74 330.299559909649 365.037467865329 0.14 0.16
0.0833333333333333 3.72 3.74 365.037467865329 403.428793492735 0.14 0.16
0.0909090909090909 3.72 3.74 403.428793492735 445.857770082517 0.14 0.16
0.0909090909090909 3.72 3.74 330.299559909649 365.037467865329 0.18 0.2
0.222222222222222 3.72 3.74 365.037467865329 403.428793492735 0.18 0.2
0.111111111111111 3.72 3.74 330.299559909649 365.037467865329 0.22 0.24
0.142857142857143 3.72 3.74 365.037467865329 403.428793492735 0.22 0.24
0.0833333333333333 3.72 3.74 330.299559909649 365.037467865329 0.24 0.26
0.272727272727273 3.72 3.74 365.037467865329 403.428793492735 0.24 0.26
0.0833333333333333 3.72 3.74 492.749041093256 544.571910125929 0.24 0.26
0.25 3.72 3.74 298.86740096706 330.299559909649 0.26 0.28
0.428571428571429 3.72 3.74 365.037467865329 403.428793492735 0.26 0.28
0.111111111111111 3.72 3.74 298.86740096706 330.299559909649 0.28 0.3
0.1 3.72 3.74 365.037467865329 403.428793492735 0.28 0.3
0.125 3.72 3.74 403.428793492735 445.857770082517 0.28 0.3
0.166666666666667 3.72 3.74 330.299559909649 365.037467865329 0.34 0.36
0.0909090909090909 3.72 3.74 330.299559909649 365.037467865329 0.36 0.38
0.166666666666667 3.72 3.74 298.86740096706 330.299559909649 0.38 0.4
0.3 3.72 3.74 365.037467865329 403.428793492735 0.4 0.42
0.1 3.72 3.74 365.037467865329 403.428793492735 0.42 0.44
0.111111111111111 3.72 3.74 365.037467865329 403.428793492735 0.44 0.46
0.4 3.72 3.74 330.299559909649 365.037467865329 0.46 0.48
0.0909090909090909 3.72 3.74 365.037467865329 403.428793492735 0.48 0.5
0.333333333333333 3.72 3.74 365.037467865329 403.428793492735 0.5 0.52
0.111111111111111 3.72 3.74 365.037467865329 403.428793492735 0.54 0.56
0.166666666666667 3.72 3.74 330.299559909649 365.037467865329 0.58 0.6
0.166666666666667 3.72 3.74 365.037467865329 403.428793492735 0.6 0.62
0.2 3.72 3.74 445.857770082517 492.749041093256 0.6 0.62
0.0833333333333333 3.72 3.74 492.749041093256 544.571910125929 0.6 0.62
0.25 3.72 3.74 365.037467865329 403.428793492735 0.62 0.64
0.2 3.72 3.74 403.428793492735 445.857770082517 0.64 0.66
0.142857142857143 3.72 3.74 403.428793492735 445.857770082517 0.66 0.68
0.142857142857143 3.72 3.74 492.749041093256 544.571910125929 0.7 0.72
0.0769230769230769 3.72 3.74 492.749041093256 544.571910125929 0.72 0.74
0.111111111111111 3.72 3.74 403.428793492735 445.857770082517 0.74 0.76
0.125 3.72 3.74 492.749041093256 544.571910125929 0.74 0.76
0.111111111111111 3.72 3.74 492.749041093256 544.571910125929 0.82 0.84
0.142857142857143 3.74 3.76 365.037467865329 403.428793492735 0 0.02
0.1 3.74 3.76 445.857770082517 492.749041093256 0 0.02
0.0769230769230769 3.74 3.76 330.299559909649 365.037467865329 0.02 0.04
0.1 3.74 3.76 330.299559909649 365.037467865329 0.04 0.06
0.1 3.74 3.76 365.037467865329 403.428793492735 0.04 0.06
0.1 3.74 3.76 365.037467865329 403.428793492735 0.06 0.08
0.333333333333333 3.74 3.76 403.428793492735 445.857770082517 0.06 0.08
0.2 3.74 3.76 403.428793492735 445.857770082517 0.08 0.1
0.111111111111111 3.74 3.76 298.86740096706 330.299559909649 0.12 0.14
0.1 3.74 3.76 330.299559909649 365.037467865329 0.14 0.16
0.125 3.74 3.76 365.037467865329 403.428793492735 0.14 0.16
0.125 3.74 3.76 403.428793492735 445.857770082517 0.14 0.16
0.142857142857143 3.74 3.76 365.037467865329 403.428793492735 0.16 0.18
0.1 3.74 3.76 445.857770082517 492.749041093256 0.16 0.18
0.333333333333333 3.74 3.76 330.299559909649 365.037467865329 0.2 0.22
0.285714285714286 3.74 3.76 330.299559909649 365.037467865329 0.22 0.24
0.133333333333333 3.74 3.76 365.037467865329 403.428793492735 0.22 0.24
0.125 3.74 3.76 403.428793492735 445.857770082517 0.22 0.24
0.166666666666667 3.74 3.76 403.428793492735 445.857770082517 0.24 0.26
0.0909090909090909 3.74 3.76 330.299559909649 365.037467865329 0.26 0.28
0.0769230769230769 3.74 3.76 365.037467865329 403.428793492735 0.26 0.28
0.125 3.74 3.76 403.428793492735 445.857770082517 0.26 0.28
0.111111111111111 3.74 3.76 330.299559909649 365.037467865329 0.28 0.3
0.2 3.74 3.76 365.037467865329 403.428793492735 0.28 0.3
0.333333333333333 3.74 3.76 330.299559909649 365.037467865329 0.3 0.32
0.25 3.74 3.76 365.037467865329 403.428793492735 0.3 0.32
0.0909090909090909 3.74 3.76 403.428793492735 445.857770082517 0.3 0.32
0.166666666666667 3.74 3.76 365.037467865329 403.428793492735 0.32 0.34
0.2 3.74 3.76 270.426407426153 298.86740096706 0.36 0.38
0.181818181818182 3.74 3.76 330.299559909649 365.037467865329 0.36 0.38
0.2 3.74 3.76 330.299559909649 365.037467865329 0.38 0.4
0.0714285714285714 3.74 3.76 365.037467865329 403.428793492735 0.4 0.42
0.125 3.74 3.76 403.428793492735 445.857770082517 0.4 0.42
0.1 3.74 3.76 330.299559909649 365.037467865329 0.44 0.46
0.142857142857143 3.74 3.76 365.037467865329 403.428793492735 0.48 0.5
0.125 3.74 3.76 365.037467865329 403.428793492735 0.52 0.54
0.3 3.74 3.76 403.428793492735 445.857770082517 0.54 0.56
0.142857142857143 3.74 3.76 330.299559909649 365.037467865329 0.56 0.58
0.142857142857143 3.74 3.76 403.428793492735 445.857770082517 0.56 0.58
0.125 3.74 3.76 330.299559909649 365.037467865329 0.58 0.6
0.0555555555555556 3.74 3.76 365.037467865329 403.428793492735 0.6 0.62
0.125 3.74 3.76 403.428793492735 445.857770082517 0.6 0.62
0.111111111111111 3.74 3.76 403.428793492735 445.857770082517 0.62 0.64
0.142857142857143 3.74 3.76 403.428793492735 445.857770082517 0.64 0.66
0.111111111111111 3.74 3.76 445.857770082517 492.749041093256 0.64 0.66
0.142857142857143 3.74 3.76 330.299559909649 365.037467865329 0.66 0.68
0.2 3.74 3.76 365.037467865329 403.428793492735 0.66 0.68
0.0769230769230769 3.74 3.76 445.857770082517 492.749041093256 0.66 0.68
0.111111111111111 3.74 3.76 445.857770082517 492.749041093256 0.68 0.7
0.0909090909090909 3.74 3.76 403.428793492735 445.857770082517 0.72 0.74
0.142857142857143 3.74 3.76 492.749041093256 544.571910125929 0.84 0.86
0.166666666666667 3.76 3.78 445.857770082517 492.749041093256 0 0.02
0.2 3.76 3.78 403.428793492735 445.857770082517 0.02 0.04
0.0833333333333333 3.76 3.78 330.299559909649 365.037467865329 0.08 0.1
0.111111111111111 3.76 3.78 365.037467865329 403.428793492735 0.08 0.1
0.125 3.76 3.78 365.037467865329 403.428793492735 0.1 0.12
0.1 3.76 3.78 365.037467865329 403.428793492735 0.12 0.14
0.111111111111111 3.76 3.78 403.428793492735 445.857770082517 0.12 0.14
0.125 3.76 3.78 403.428793492735 445.857770082517 0.14 0.16
0.1 3.76 3.78 298.86740096706 330.299559909649 0.18 0.2
0.0909090909090909 3.76 3.78 330.299559909649 365.037467865329 0.18 0.2
0.142857142857143 3.76 3.78 365.037467865329 403.428793492735 0.18 0.2
0.142857142857143 3.76 3.78 298.86740096706 330.299559909649 0.22 0.24
0.181818181818182 3.76 3.78 365.037467865329 403.428793492735 0.22 0.24
0.166666666666667 3.76 3.78 403.428793492735 445.857770082517 0.22 0.24
0.0909090909090909 3.76 3.78 298.86740096706 330.299559909649 0.24 0.26
0.0833333333333333 3.76 3.78 365.037467865329 403.428793492735 0.24 0.26
0.111111111111111 3.76 3.78 365.037467865329 403.428793492735 0.26 0.28
0.111111111111111 3.76 3.78 403.428793492735 445.857770082517 0.26 0.28
0.25 3.76 3.78 298.86740096706 330.299559909649 0.28 0.3
0.0833333333333333 3.76 3.78 365.037467865329 403.428793492735 0.28 0.3
0.230769230769231 3.76 3.78 330.299559909649 365.037467865329 0.3 0.32
0.166666666666667 3.76 3.78 298.86740096706 330.299559909649 0.32 0.34
0.142857142857143 3.76 3.78 270.426407426153 298.86740096706 0.38 0.4
0.142857142857143 3.76 3.78 298.86740096706 330.299559909649 0.38 0.4
0.111111111111111 3.76 3.78 403.428793492735 445.857770082517 0.38 0.4
0.125 3.76 3.78 330.299559909649 365.037467865329 0.4 0.42
0.142857142857143 3.76 3.78 298.86740096706 330.299559909649 0.42 0.44
0.125 3.76 3.78 365.037467865329 403.428793492735 0.42 0.44
0.142857142857143 3.76 3.78 403.428793492735 445.857770082517 0.44 0.46
0.0909090909090909 3.76 3.78 365.037467865329 403.428793492735 0.46 0.48
0.333333333333333 3.76 3.78 365.037467865329 403.428793492735 0.48 0.5
0.142857142857143 3.76 3.78 365.037467865329 403.428793492735 0.52 0.54
0.0909090909090909 3.76 3.78 445.857770082517 492.749041093256 0.52 0.54
0.125 3.76 3.78 403.428793492735 445.857770082517 0.54 0.56
0.142857142857143 3.76 3.78 403.428793492735 445.857770082517 0.58 0.6
0.111111111111111 3.76 3.78 365.037467865329 403.428793492735 0.6 0.62
0.166666666666667 3.76 3.78 403.428793492735 445.857770082517 0.6 0.62
0.272727272727273 3.76 3.78 445.857770082517 492.749041093256 0.64 0.66
0.166666666666667 3.76 3.78 403.428793492735 445.857770082517 0.66 0.68
0.125 3.76 3.78 492.749041093256 544.571910125929 0.7 0.72
0.111111111111111 3.76 3.78 445.857770082517 492.749041093256 0.72 0.74
0.142857142857143 3.76 3.78 445.857770082517 492.749041093256 0.74 0.76
0.111111111111111 3.76 3.78 492.749041093256 544.571910125929 0.82 0.84
0.428571428571429 3.78 3.8 403.428793492735 445.857770082517 0 0.02
0.181818181818182 3.78 3.8 365.037467865329 403.428793492735 0.02 0.04
0.111111111111111 3.78 3.8 403.428793492735 445.857770082517 0.02 0.04
0.25 3.78 3.8 445.857770082517 492.749041093256 0.02 0.04
0.25 3.78 3.8 403.428793492735 445.857770082517 0.04 0.06
0.2 3.78 3.8 445.857770082517 492.749041093256 0.04 0.06
0.125 3.78 3.8 403.428793492735 445.857770082517 0.06 0.08
0.25 3.78 3.8 330.299559909649 365.037467865329 0.08 0.1
0.1 3.78 3.8 365.037467865329 403.428793492735 0.12 0.14
0.285714285714286 3.78 3.8 403.428793492735 445.857770082517 0.12 0.14
0.181818181818182 3.78 3.8 330.299559909649 365.037467865329 0.14 0.16
0.2 3.78 3.8 365.037467865329 403.428793492735 0.14 0.16
0.125 3.78 3.8 330.299559909649 365.037467865329 0.16 0.18
0.2 3.78 3.8 365.037467865329 403.428793492735 0.16 0.18
0.111111111111111 3.78 3.8 365.037467865329 403.428793492735 0.18 0.2
0.0769230769230769 3.78 3.8 330.299559909649 365.037467865329 0.2 0.22
0.166666666666667 3.78 3.8 445.857770082517 492.749041093256 0.2 0.22
0.25 3.78 3.8 365.037467865329 403.428793492735 0.24 0.26
0.111111111111111 3.78 3.8 403.428793492735 445.857770082517 0.24 0.26
0.111111111111111 3.78 3.8 445.857770082517 492.749041093256 0.24 0.26
0.1 3.78 3.8 330.299559909649 365.037467865329 0.26 0.28
0.111111111111111 3.78 3.8 365.037467865329 403.428793492735 0.26 0.28
0.125 3.78 3.8 330.299559909649 365.037467865329 0.28 0.3
0.333333333333333 3.78 3.8 365.037467865329 403.428793492735 0.3 0.32
0.222222222222222 3.78 3.8 330.299559909649 365.037467865329 0.32 0.34
0.125 3.78 3.8 330.299559909649 365.037467865329 0.34 0.36
0.25 3.78 3.8 403.428793492735 445.857770082517 0.36 0.38
0.25 3.78 3.8 365.037467865329 403.428793492735 0.38 0.4
0.1 3.78 3.8 365.037467865329 403.428793492735 0.4 0.42
0.1 3.78 3.8 330.299559909649 365.037467865329 0.42 0.44
0.166666666666667 3.78 3.8 403.428793492735 445.857770082517 0.42 0.44
0.111111111111111 3.78 3.8 403.428793492735 445.857770082517 0.44 0.46
0.153846153846154 3.78 3.8 403.428793492735 445.857770082517 0.46 0.48
0.333333333333333 3.78 3.8 365.037467865329 403.428793492735 0.48 0.5
0.111111111111111 3.78 3.8 445.857770082517 492.749041093256 0.48 0.5
0.125 3.78 3.8 403.428793492735 445.857770082517 0.5 0.52
0.1 3.78 3.8 445.857770082517 492.749041093256 0.5 0.52
0.142857142857143 3.78 3.8 445.857770082517 492.749041093256 0.54 0.56
0.0833333333333333 3.78 3.8 492.749041093256 544.571910125929 0.6 0.62
0.125 3.78 3.8 445.857770082517 492.749041093256 0.62 0.64
0.25 3.78 3.8 445.857770082517 492.749041093256 0.66 0.68
0.0833333333333333 3.78 3.8 492.749041093256 544.571910125929 0.66 0.68
0.0714285714285714 3.78 3.8 365.037467865329 403.428793492735 0.68 0.7
0.125 3.78 3.8 445.857770082517 492.749041093256 0.68 0.7
0.125 3.78 3.8 445.857770082517 492.749041093256 0.76 0.78
0.166666666666667 3.78 3.8 492.749041093256 544.571910125929 0.76 0.78
0.5 3.78 3.8 492.749041093256 544.571910125929 0.78 0.8
0.0833333333333333 3.8 3.82 403.428793492735 445.857770082517 0 0.02
0.272727272727273 3.8 3.82 445.857770082517 492.749041093256 0 0.02
0.125 3.8 3.82 365.037467865329 403.428793492735 0.02 0.04
0.1 3.8 3.82 403.428793492735 445.857770082517 0.04 0.06
0.142857142857143 3.8 3.82 365.037467865329 403.428793492735 0.06 0.08
0.111111111111111 3.8 3.82 492.749041093256 544.571910125929 0.06 0.08
0.142857142857143 3.8 3.82 403.428793492735 445.857770082517 0.1 0.12
0.166666666666667 3.8 3.82 403.428793492735 445.857770082517 0.12 0.14
0.166666666666667 3.8 3.82 445.857770082517 492.749041093256 0.12 0.14
0.166666666666667 3.8 3.82 365.037467865329 403.428793492735 0.14 0.16
0.142857142857143 3.8 3.82 365.037467865329 403.428793492735 0.18 0.2
0.166666666666667 3.8 3.82 403.428793492735 445.857770082517 0.18 0.2
0.25 3.8 3.82 365.037467865329 403.428793492735 0.2 0.22
0.25 3.8 3.82 403.428793492735 445.857770082517 0.2 0.22
0.142857142857143 3.8 3.82 365.037467865329 403.428793492735 0.22 0.24
0.0909090909090909 3.8 3.82 365.037467865329 403.428793492735 0.24 0.26
0.0833333333333333 3.8 3.82 365.037467865329 403.428793492735 0.28 0.3
0.111111111111111 3.8 3.82 403.428793492735 445.857770082517 0.28 0.3
0.0909090909090909 3.8 3.82 365.037467865329 403.428793492735 0.34 0.36
0.125 3.8 3.82 365.037467865329 403.428793492735 0.36 0.38
0.0909090909090909 3.8 3.82 403.428793492735 445.857770082517 0.36 0.38
0.0909090909090909 3.8 3.82 403.428793492735 445.857770082517 0.42 0.44
0.142857142857143 3.8 3.82 445.857770082517 492.749041093256 0.42 0.44
0.0909090909090909 3.8 3.82 330.299559909649 365.037467865329 0.46 0.48
0.133333333333333 3.8 3.82 403.428793492735 445.857770082517 0.46 0.48
0.142857142857143 3.8 3.82 330.299559909649 365.037467865329 0.48 0.5
0.142857142857143 3.8 3.82 403.428793492735 445.857770082517 0.48 0.5
0.125 3.8 3.82 445.857770082517 492.749041093256 0.5 0.52
0.1 3.8 3.82 365.037467865329 403.428793492735 0.52 0.54
0.1 3.8 3.82 445.857770082517 492.749041093256 0.52 0.54
0.166666666666667 3.8 3.82 492.749041093256 544.571910125929 0.52 0.54
0.125 3.8 3.82 445.857770082517 492.749041093256 0.62 0.64
0.125 3.8 3.82 365.037467865329 403.428793492735 0.64 0.66
0.333333333333333 3.8 3.82 403.428793492735 445.857770082517 0.66 0.68
0.111111111111111 3.8 3.82 445.857770082517 492.749041093256 0.74 0.76
0.333333333333333 3.8 3.82 445.857770082517 492.749041093256 0.76 0.78
0.1 3.82 3.84 365.037467865329 403.428793492735 0 0.02
0.125 3.82 3.84 445.857770082517 492.749041093256 0.02 0.04
0.125 3.82 3.84 365.037467865329 403.428793492735 0.04 0.06
0.166666666666667 3.82 3.84 403.428793492735 445.857770082517 0.04 0.06
0.0833333333333333 3.82 3.84 365.037467865329 403.428793492735 0.06 0.08
0.125 3.82 3.84 403.428793492735 445.857770082517 0.06 0.08
0.0666666666666667 3.82 3.84 330.299559909649 365.037467865329 0.08 0.1
0.125 3.82 3.84 365.037467865329 403.428793492735 0.08 0.1
0.142857142857143 3.82 3.84 403.428793492735 445.857770082517 0.08 0.1
0.125 3.82 3.84 445.857770082517 492.749041093256 0.08 0.1
0.166666666666667 3.82 3.84 365.037467865329 403.428793492735 0.1 0.12
0.0909090909090909 3.82 3.84 365.037467865329 403.428793492735 0.12 0.14
0.333333333333333 3.82 3.84 403.428793492735 445.857770082517 0.12 0.14
0.222222222222222 3.82 3.84 403.428793492735 445.857770082517 0.14 0.16
0.0909090909090909 3.82 3.84 330.299559909649 365.037467865329 0.16 0.18
0.125 3.82 3.84 403.428793492735 445.857770082517 0.16 0.18
0.142857142857143 3.82 3.84 330.299559909649 365.037467865329 0.18 0.2
0.1 3.82 3.84 365.037467865329 403.428793492735 0.18 0.2
0.111111111111111 3.82 3.84 403.428793492735 445.857770082517 0.18 0.2
0.125 3.82 3.84 330.299559909649 365.037467865329 0.22 0.24
0.333333333333333 3.82 3.84 365.037467865329 403.428793492735 0.22 0.24
0.0909090909090909 3.82 3.84 403.428793492735 445.857770082517 0.24 0.26
0.166666666666667 3.82 3.84 403.428793492735 445.857770082517 0.26 0.28
0.0909090909090909 3.82 3.84 445.857770082517 492.749041093256 0.26 0.28
0.0909090909090909 3.82 3.84 365.037467865329 403.428793492735 0.28 0.3
0.0714285714285714 3.82 3.84 403.428793492735 445.857770082517 0.28 0.3
0.166666666666667 3.82 3.84 403.428793492735 445.857770082517 0.3 0.32
0.166666666666667 3.82 3.84 403.428793492735 445.857770082517 0.32 0.34
0.125 3.82 3.84 365.037467865329 403.428793492735 0.34 0.36
0.166666666666667 3.82 3.84 365.037467865329 403.428793492735 0.36 0.38
0.0588235294117647 3.82 3.84 330.299559909649 365.037467865329 0.38 0.4
0.125 3.82 3.84 403.428793492735 445.857770082517 0.4 0.42
0.166666666666667 3.82 3.84 330.299559909649 365.037467865329 0.44 0.46
0.2 3.82 3.84 492.749041093256 544.571910125929 0.46 0.48
0.125 3.82 3.84 445.857770082517 492.749041093256 0.48 0.5
0.111111111111111 3.82 3.84 445.857770082517 492.749041093256 0.52 0.54
0.0769230769230769 3.82 3.84 492.749041093256 544.571910125929 0.52 0.54
0.0833333333333333 3.82 3.84 365.037467865329 403.428793492735 0.54 0.56
0.25 3.82 3.84 403.428793492735 445.857770082517 0.54 0.56
0.25 3.82 3.84 445.857770082517 492.749041093256 0.54 0.56
0.125 3.82 3.84 403.428793492735 445.857770082517 0.58 0.6
0.222222222222222 3.82 3.84 365.037467865329 403.428793492735 0.6 0.62
0.111111111111111 3.82 3.84 403.428793492735 445.857770082517 0.62 0.64
0.166666666666667 3.82 3.84 492.749041093256 544.571910125929 0.7 0.72
0.25 3.84 3.86 365.037467865329 403.428793492735 0 0.02
0.166666666666667 3.84 3.86 492.749041093256 544.571910125929 0 0.02
0.25 3.84 3.86 365.037467865329 403.428793492735 0.02 0.04
0.25 3.84 3.86 445.857770082517 492.749041093256 0.02 0.04
0.125 3.84 3.86 330.299559909649 365.037467865329 0.04 0.06
0.153846153846154 3.84 3.86 365.037467865329 403.428793492735 0.04 0.06
0.0666666666666667 3.84 3.86 330.299559909649 365.037467865329 0.06 0.08
0.1 3.84 3.86 403.428793492735 445.857770082517 0.1 0.12
0.166666666666667 3.84 3.86 492.749041093256 544.571910125929 0.1 0.12
0.4 3.84 3.86 403.428793492735 445.857770082517 0.12 0.14
0.111111111111111 3.84 3.86 445.857770082517 492.749041093256 0.14 0.16
0.333333333333333 3.84 3.86 365.037467865329 403.428793492735 0.16 0.18
0.125 3.84 3.86 445.857770082517 492.749041093256 0.16 0.18
0.2 3.84 3.86 365.037467865329 403.428793492735 0.18 0.2
0.125 3.84 3.86 403.428793492735 445.857770082517 0.18 0.2
0.142857142857143 3.84 3.86 445.857770082517 492.749041093256 0.18 0.2
0.111111111111111 3.84 3.86 330.299559909649 365.037467865329 0.2 0.22
0.166666666666667 3.84 3.86 365.037467865329 403.428793492735 0.22 0.24
0.5 3.84 3.86 403.428793492735 445.857770082517 0.22 0.24
0.142857142857143 3.84 3.86 492.749041093256 544.571910125929 0.22 0.24
0.125 3.84 3.86 403.428793492735 445.857770082517 0.24 0.26
0.111111111111111 3.84 3.86 403.428793492735 445.857770082517 0.26 0.28
0.142857142857143 3.84 3.86 445.857770082517 492.749041093256 0.26 0.28
0.166666666666667 3.84 3.86 330.299559909649 365.037467865329 0.3 0.32
0.1 3.84 3.86 365.037467865329 403.428793492735 0.32 0.34
0.111111111111111 3.84 3.86 445.857770082517 492.749041093256 0.34 0.36
0.0666666666666667 3.84 3.86 365.037467865329 403.428793492735 0.36 0.38
0.125 3.84 3.86 365.037467865329 403.428793492735 0.38 0.4
0.0909090909090909 3.84 3.86 445.857770082517 492.749041093256 0.38 0.4
0.1 3.84 3.86 330.299559909649 365.037467865329 0.4 0.42
0.2 3.84 3.86 403.428793492735 445.857770082517 0.42 0.44
0.166666666666667 3.84 3.86 365.037467865329 403.428793492735 0.46 0.48
0.25 3.84 3.86 403.428793492735 445.857770082517 0.46 0.48
0.142857142857143 3.84 3.86 403.428793492735 445.857770082517 0.48 0.5
0.111111111111111 3.84 3.86 492.749041093256 544.571910125929 0.5 0.52
0.5 3.84 3.86 544.571910125929 601.845037872082 0.5 0.52
0.1 3.84 3.86 365.037467865329 403.428793492735 0.52 0.54
0.125 3.84 3.86 365.037467865329 403.428793492735 0.56 0.58
0.1 3.84 3.86 445.857770082517 492.749041093256 0.56 0.58
0.166666666666667 3.84 3.86 365.037467865329 403.428793492735 0.58 0.6
0.142857142857143 3.84 3.86 445.857770082517 492.749041093256 0.58 0.6
0.1 3.84 3.86 445.857770082517 492.749041093256 0.6 0.62
0.1 3.84 3.86 445.857770082517 492.749041093256 0.62 0.64
0.5 3.84 3.86 544.571910125929 601.845037872082 0.64 0.66
0.2 3.84 3.86 544.571910125929 601.845037872082 0.66 0.68
0.1 3.84 3.86 492.749041093256 544.571910125929 0.68 0.7
0.25 3.84 3.86 492.749041093256 544.571910125929 0.7 0.72
0.285714285714286 3.84 3.86 544.571910125929 601.845037872082 0.78 0.8
0.5 3.84 3.86 544.571910125929 601.845037872082 0.8 0.82
0.222222222222222 3.86 3.88 403.428793492735 445.857770082517 0 0.02
0.333333333333333 3.86 3.88 445.857770082517 492.749041093256 0 0.02
0.1 3.86 3.88 445.857770082517 492.749041093256 0.04 0.06
0.142857142857143 3.86 3.88 365.037467865329 403.428793492735 0.06 0.08
0.2 3.86 3.88 445.857770082517 492.749041093256 0.06 0.08
0.222222222222222 3.86 3.88 365.037467865329 403.428793492735 0.08 0.1
0.222222222222222 3.86 3.88 403.428793492735 445.857770082517 0.14 0.16
0.1 3.86 3.88 445.857770082517 492.749041093256 0.14 0.16
0.166666666666667 3.86 3.88 330.299559909649 365.037467865329 0.16 0.18
0.25 3.86 3.88 445.857770082517 492.749041093256 0.16 0.18
0.142857142857143 3.86 3.88 492.749041093256 544.571910125929 0.16 0.18
0.111111111111111 3.86 3.88 403.428793492735 445.857770082517 0.18 0.2
0.2 3.86 3.88 445.857770082517 492.749041093256 0.2 0.22
0.285714285714286 3.86 3.88 403.428793492735 445.857770082517 0.22 0.24
0.2 3.86 3.88 445.857770082517 492.749041093256 0.22 0.24
0.25 3.86 3.88 365.037467865329 403.428793492735 0.24 0.26
0.333333333333333 3.86 3.88 403.428793492735 445.857770082517 0.24 0.26
0.111111111111111 3.86 3.88 445.857770082517 492.749041093256 0.26 0.28
0.0666666666666667 3.86 3.88 403.428793492735 445.857770082517 0.28 0.3
0.125 3.86 3.88 445.857770082517 492.749041093256 0.28 0.3
0.333333333333333 3.86 3.88 365.037467865329 403.428793492735 0.32 0.34
0.111111111111111 3.86 3.88 403.428793492735 445.857770082517 0.32 0.34
0.0909090909090909 3.86 3.88 365.037467865329 403.428793492735 0.34 0.36
0.181818181818182 3.86 3.88 403.428793492735 445.857770082517 0.34 0.36
0.166666666666667 3.86 3.88 445.857770082517 492.749041093256 0.34 0.36
0.166666666666667 3.86 3.88 365.037467865329 403.428793492735 0.36 0.38
0.111111111111111 3.86 3.88 403.428793492735 445.857770082517 0.36 0.38
0.1 3.86 3.88 445.857770082517 492.749041093256 0.36 0.38
0.125 3.86 3.88 330.299559909649 365.037467865329 0.38 0.4
0.111111111111111 3.86 3.88 365.037467865329 403.428793492735 0.38 0.4
0.125 3.86 3.88 365.037467865329 403.428793492735 0.4 0.42
0.142857142857143 3.86 3.88 403.428793492735 445.857770082517 0.4 0.42
0.0769230769230769 3.86 3.88 445.857770082517 492.749041093256 0.42 0.44
0.0909090909090909 3.86 3.88 330.299559909649 365.037467865329 0.46 0.48
0.166666666666667 3.86 3.88 365.037467865329 403.428793492735 0.48 0.5
0.0909090909090909 3.86 3.88 445.857770082517 492.749041093256 0.48 0.5
0.125 3.86 3.88 365.037467865329 403.428793492735 0.5 0.52
0.142857142857143 3.86 3.88 445.857770082517 492.749041093256 0.54 0.56
0.125 3.86 3.88 492.749041093256 544.571910125929 0.54 0.56
0.333333333333333 3.86 3.88 445.857770082517 492.749041093256 0.56 0.58
0.125 3.86 3.88 492.749041093256 544.571910125929 0.56 0.58
0.2 3.86 3.88 403.428793492735 445.857770082517 0.58 0.6
0.166666666666667 3.86 3.88 445.857770082517 492.749041093256 0.58 0.6
0.142857142857143 3.86 3.88 492.749041093256 544.571910125929 0.58 0.6
0.125 3.86 3.88 445.857770082517 492.749041093256 0.62 0.64
0.166666666666667 3.86 3.88 445.857770082517 492.749041093256 0.64 0.66
0.166666666666667 3.86 3.88 492.749041093256 544.571910125929 0.64 0.66
0.111111111111111 3.86 3.88 403.428793492735 445.857770082517 0.66 0.68
0.111111111111111 3.86 3.88 492.749041093256 544.571910125929 0.7 0.72
0.0769230769230769 3.88 3.9 403.428793492735 445.857770082517 0 0.02
0.125 3.88 3.9 445.857770082517 492.749041093256 0 0.02
0.1 3.88 3.9 403.428793492735 445.857770082517 0.02 0.04
0.166666666666667 3.88 3.9 445.857770082517 492.749041093256 0.02 0.04
0.2 3.88 3.9 492.749041093256 544.571910125929 0.04 0.06
0.111111111111111 3.88 3.9 445.857770082517 492.749041093256 0.06 0.08
0.142857142857143 3.88 3.9 365.037467865329 403.428793492735 0.08 0.1
0.142857142857143 3.88 3.9 403.428793492735 445.857770082517 0.08 0.1
0.0769230769230769 3.88 3.9 330.299559909649 365.037467865329 0.1 0.12
0.0714285714285714 3.88 3.9 365.037467865329 403.428793492735 0.1 0.12
0.142857142857143 3.88 3.9 403.428793492735 445.857770082517 0.1 0.12
0.166666666666667 3.88 3.9 403.428793492735 445.857770082517 0.12 0.14
0.2 3.88 3.9 544.571910125929 601.845037872082 0.12 0.14
0.111111111111111 3.88 3.9 365.037467865329 403.428793492735 0.14 0.16
0.25 3.88 3.9 492.749041093256 544.571910125929 0.14 0.16
0.153846153846154 3.88 3.9 365.037467865329 403.428793492735 0.16 0.18
0.375 3.88 3.9 445.857770082517 492.749041093256 0.16 0.18
0.2 3.88 3.9 365.037467865329 403.428793492735 0.2 0.22
0.1 3.88 3.9 445.857770082517 492.749041093256 0.22 0.24
0.285714285714286 3.88 3.9 403.428793492735 445.857770082517 0.24 0.26
0.142857142857143 3.88 3.9 492.749041093256 544.571910125929 0.24 0.26
0.666666666666667 3.88 3.9 403.428793492735 445.857770082517 0.26 0.28
0.2 3.88 3.9 492.749041093256 544.571910125929 0.26 0.28
0.142857142857143 3.88 3.9 330.299559909649 365.037467865329 0.28 0.3
0.166666666666667 3.88 3.9 365.037467865329 403.428793492735 0.28 0.3
0.142857142857143 3.88 3.9 445.857770082517 492.749041093256 0.28 0.3
0.1 3.88 3.9 403.428793492735 445.857770082517 0.3 0.32
0.125 3.88 3.9 365.037467865329 403.428793492735 0.32 0.34
0.1 3.88 3.9 330.299559909649 365.037467865329 0.34 0.36
0.0833333333333333 3.88 3.9 403.428793492735 445.857770082517 0.34 0.36
0.111111111111111 3.88 3.9 403.428793492735 445.857770082517 0.36 0.38
0.181818181818182 3.88 3.9 445.857770082517 492.749041093256 0.36 0.38
0.333333333333333 3.88 3.9 403.428793492735 445.857770082517 0.38 0.4
0.0769230769230769 3.88 3.9 365.037467865329 403.428793492735 0.42 0.44
0.1 3.88 3.9 445.857770082517 492.749041093256 0.46 0.48
0.222222222222222 3.88 3.9 403.428793492735 445.857770082517 0.48 0.5
0.142857142857143 3.88 3.9 403.428793492735 445.857770082517 0.52 0.54
0.166666666666667 3.88 3.9 403.428793492735 445.857770082517 0.54 0.56
0.125 3.88 3.9 445.857770082517 492.749041093256 0.54 0.56
0.142857142857143 3.88 3.9 445.857770082517 492.749041093256 0.6 0.62
0.166666666666667 3.88 3.9 365.037467865329 403.428793492735 0.62 0.64
0.142857142857143 3.88 3.9 445.857770082517 492.749041093256 0.64 0.66
0.111111111111111 3.88 3.9 492.749041093256 544.571910125929 0.7 0.72
0.5 3.88 3.9 544.571910125929 601.845037872082 0.7 0.72
0.142857142857143 3.9 3.92 492.749041093256 544.571910125929 0 0.02
0.181818181818182 3.9 3.92 445.857770082517 492.749041093256 0.02 0.04
0.5 3.9 3.92 544.571910125929 601.845037872082 0.04 0.06
0.25 3.9 3.92 492.749041093256 544.571910125929 0.06 0.08
0.125 3.9 3.92 445.857770082517 492.749041093256 0.08 0.1
0.166666666666667 3.9 3.92 403.428793492735 445.857770082517 0.1 0.12
0.166666666666667 3.9 3.92 365.037467865329 403.428793492735 0.12 0.14
0.153846153846154 3.9 3.92 403.428793492735 445.857770082517 0.12 0.14
0.1 3.9 3.92 492.749041093256 544.571910125929 0.16 0.18
0.111111111111111 3.9 3.92 492.749041093256 544.571910125929 0.2 0.22
0.166666666666667 3.9 3.92 365.037467865329 403.428793492735 0.22 0.24
0.2 3.9 3.92 492.749041093256 544.571910125929 0.22 0.24
0.2 3.9 3.92 445.857770082517 492.749041093256 0.24 0.26
0.111111111111111 3.9 3.92 445.857770082517 492.749041093256 0.26 0.28
0.0909090909090909 3.9 3.92 403.428793492735 445.857770082517 0.3 0.32
0.333333333333333 3.9 3.92 492.749041093256 544.571910125929 0.3 0.32
0.25 3.9 3.92 403.428793492735 445.857770082517 0.32 0.34
0.333333333333333 3.9 3.92 403.428793492735 445.857770082517 0.34 0.36
0.25 3.9 3.92 365.037467865329 403.428793492735 0.36 0.38
0.2 3.9 3.92 445.857770082517 492.749041093256 0.36 0.38
0.0909090909090909 3.9 3.92 365.037467865329 403.428793492735 0.38 0.4
0.125 3.9 3.92 445.857770082517 492.749041093256 0.38 0.4
0.142857142857143 3.9 3.92 403.428793492735 445.857770082517 0.42 0.44
0.2 3.9 3.92 365.037467865329 403.428793492735 0.46 0.48
0.1 3.9 3.92 330.299559909649 365.037467865329 0.48 0.5
0.181818181818182 3.9 3.92 445.857770082517 492.749041093256 0.5 0.52
0.142857142857143 3.9 3.92 445.857770082517 492.749041093256 0.54 0.56
0.0714285714285714 3.9 3.92 492.749041093256 544.571910125929 0.54 0.56
0.2 3.9 3.92 365.037467865329 403.428793492735 0.56 0.58
0.166666666666667 3.9 3.92 403.428793492735 445.857770082517 0.58 0.6
0.166666666666667 3.9 3.92 445.857770082517 492.749041093256 0.58 0.6
0.125 3.9 3.92 492.749041093256 544.571910125929 0.58 0.6
0.142857142857143 3.9 3.92 445.857770082517 492.749041093256 0.6 0.62
0.125 3.9 3.92 544.571910125929 601.845037872082 0.66 0.68
0.125 3.9 3.92 445.857770082517 492.749041093256 0.72 0.74
0.142857142857143 3.92 3.94 445.857770082517 492.749041093256 0 0.02
0.0714285714285714 3.92 3.94 365.037467865329 403.428793492735 0.02 0.04
0.142857142857143 3.92 3.94 445.857770082517 492.749041093256 0.02 0.04
0.181818181818182 3.92 3.94 492.749041093256 544.571910125929 0.02 0.04
0.125 3.92 3.94 403.428793492735 445.857770082517 0.04 0.06
0.2 3.92 3.94 492.749041093256 544.571910125929 0.06 0.08
0.5 3.92 3.94 403.428793492735 445.857770082517 0.08 0.1
0.142857142857143 3.92 3.94 403.428793492735 445.857770082517 0.12 0.14
0.142857142857143 3.92 3.94 492.749041093256 544.571910125929 0.12 0.14
0.5 3.92 3.94 445.857770082517 492.749041093256 0.14 0.16
0.125 3.92 3.94 492.749041093256 544.571910125929 0.14 0.16
0.125 3.92 3.94 365.037467865329 403.428793492735 0.16 0.18
0.142857142857143 3.92 3.94 445.857770082517 492.749041093256 0.18 0.2
0.0909090909090909 3.92 3.94 492.749041093256 544.571910125929 0.18 0.2
0.2 3.92 3.94 445.857770082517 492.749041093256 0.2 0.22
0.125 3.92 3.94 492.749041093256 544.571910125929 0.2 0.22
0.117647058823529 3.92 3.94 365.037467865329 403.428793492735 0.22 0.24
0.25 3.92 3.94 492.749041093256 544.571910125929 0.22 0.24
0.375 3.92 3.94 403.428793492735 445.857770082517 0.24 0.26
0.111111111111111 3.92 3.94 403.428793492735 445.857770082517 0.26 0.28
0.0666666666666667 3.92 3.94 492.749041093256 544.571910125929 0.26 0.28
0.166666666666667 3.92 3.94 403.428793492735 445.857770082517 0.28 0.3
0.0909090909090909 3.92 3.94 445.857770082517 492.749041093256 0.28 0.3
0.111111111111111 3.92 3.94 403.428793492735 445.857770082517 0.3 0.32
0.142857142857143 3.92 3.94 403.428793492735 445.857770082517 0.32 0.34
0.111111111111111 3.92 3.94 492.749041093256 544.571910125929 0.34 0.36
0.4 3.92 3.94 403.428793492735 445.857770082517 0.36 0.38
0.142857142857143 3.92 3.94 403.428793492735 445.857770082517 0.38 0.4
0.142857142857143 3.92 3.94 365.037467865329 403.428793492735 0.44 0.46
0.285714285714286 3.92 3.94 403.428793492735 445.857770082517 0.44 0.46
0.166666666666667 3.92 3.94 365.037467865329 403.428793492735 0.46 0.48
0.333333333333333 3.92 3.94 445.857770082517 492.749041093256 0.46 0.48
0.111111111111111 3.92 3.94 445.857770082517 492.749041093256 0.54 0.56
0.142857142857143 3.92 3.94 365.037467865329 403.428793492735 0.56 0.58
0.1 3.92 3.94 403.428793492735 445.857770082517 0.6 0.62
0.111111111111111 3.92 3.94 403.428793492735 445.857770082517 0.64 0.66
0.142857142857143 3.92 3.94 544.571910125929 601.845037872082 0.76 0.78
0.25 3.94 3.96 445.857770082517 492.749041093256 0 0.02
0.222222222222222 3.94 3.96 492.749041093256 544.571910125929 0.02 0.04
0.0833333333333333 3.94 3.96 445.857770082517 492.749041093256 0.06 0.08
0.111111111111111 3.94 3.96 445.857770082517 492.749041093256 0.08 0.1
0.0909090909090909 3.94 3.96 365.037467865329 403.428793492735 0.1 0.12
0.0833333333333333 3.94 3.96 365.037467865329 403.428793492735 0.12 0.14
0.166666666666667 3.94 3.96 492.749041093256 544.571910125929 0.12 0.14
0.181818181818182 3.94 3.96 365.037467865329 403.428793492735 0.14 0.16
0.142857142857143 3.94 3.96 403.428793492735 445.857770082517 0.14 0.16
0.166666666666667 3.94 3.96 445.857770082517 492.749041093256 0.14 0.16
0.25 3.94 3.96 492.749041093256 544.571910125929 0.14 0.16
0.285714285714286 3.94 3.96 445.857770082517 492.749041093256 0.16 0.18
0.125 3.94 3.96 445.857770082517 492.749041093256 0.18 0.2
0.111111111111111 3.94 3.96 365.037467865329 403.428793492735 0.2 0.22
0.1 3.94 3.96 403.428793492735 445.857770082517 0.2 0.22
0.111111111111111 3.94 3.96 365.037467865329 403.428793492735 0.22 0.24
0.0909090909090909 3.94 3.96 365.037467865329 403.428793492735 0.24 0.26
0.111111111111111 3.94 3.96 445.857770082517 492.749041093256 0.24 0.26
0.5 3.94 3.96 544.571910125929 601.845037872082 0.28 0.3
0.25 3.94 3.96 403.428793492735 445.857770082517 0.32 0.34
0.25 3.94 3.96 403.428793492735 445.857770082517 0.36 0.38
0.25 3.94 3.96 445.857770082517 492.749041093256 0.38 0.4
0.0909090909090909 3.94 3.96 492.749041093256 544.571910125929 0.38 0.4
0.166666666666667 3.94 3.96 445.857770082517 492.749041093256 0.4 0.42
0.25 3.94 3.96 492.749041093256 544.571910125929 0.4 0.42
0.166666666666667 3.94 3.96 544.571910125929 601.845037872082 0.4 0.42
0.111111111111111 3.94 3.96 445.857770082517 492.749041093256 0.42 0.44
0.0833333333333333 3.94 3.96 544.571910125929 601.845037872082 0.42 0.44
0.111111111111111 3.94 3.96 403.428793492735 445.857770082517 0.44 0.46
0.125 3.94 3.96 492.749041093256 544.571910125929 0.48 0.5
0.0833333333333333 3.94 3.96 365.037467865329 403.428793492735 0.5 0.52
0.125 3.94 3.96 445.857770082517 492.749041093256 0.54 0.56
0.111111111111111 3.94 3.96 492.749041093256 544.571910125929 0.56 0.58
0.111111111111111 3.94 3.96 492.749041093256 544.571910125929 0.58 0.6
0.0714285714285714 3.94 3.96 492.749041093256 544.571910125929 0.6 0.62
0.2 3.94 3.96 492.749041093256 544.571910125929 0.76 0.78
0.142857142857143 3.96 3.98 445.857770082517 492.749041093256 0 0.02
0.111111111111111 3.96 3.98 445.857770082517 492.749041093256 0.02 0.04
0.111111111111111 3.96 3.98 544.571910125929 601.845037872082 0.02 0.04
0.0833333333333333 3.96 3.98 492.749041093256 544.571910125929 0.04 0.06
0.125 3.96 3.98 330.299559909649 365.037467865329 0.06 0.08
0.125 3.96 3.98 445.857770082517 492.749041093256 0.06 0.08
0.2 3.96 3.98 544.571910125929 601.845037872082 0.08 0.1
0.142857142857143 3.96 3.98 445.857770082517 492.749041093256 0.1 0.12
0.1 3.96 3.98 330.299559909649 365.037467865329 0.16 0.18
0.2 3.96 3.98 445.857770082517 492.749041093256 0.16 0.18
0.125 3.96 3.98 403.428793492735 445.857770082517 0.18 0.2
0.142857142857143 3.96 3.98 492.749041093256 544.571910125929 0.2 0.22
0.0833333333333333 3.96 3.98 365.037467865329 403.428793492735 0.22 0.24
0.166666666666667 3.96 3.98 445.857770082517 492.749041093256 0.22 0.24
0.2 3.96 3.98 403.428793492735 445.857770082517 0.26 0.28
0.285714285714286 3.96 3.98 445.857770082517 492.749041093256 0.26 0.28
0.111111111111111 3.96 3.98 445.857770082517 492.749041093256 0.3 0.32
0.125 3.96 3.98 403.428793492735 445.857770082517 0.32 0.34
0.111111111111111 3.96 3.98 445.857770082517 492.749041093256 0.32 0.34
0.166666666666667 3.96 3.98 403.428793492735 445.857770082517 0.34 0.36
0.2 3.96 3.98 492.749041093256 544.571910125929 0.34 0.36
0.125 3.96 3.98 445.857770082517 492.749041093256 0.4 0.42
0.0833333333333333 3.96 3.98 492.749041093256 544.571910125929 0.4 0.42
0.181818181818182 3.96 3.98 492.749041093256 544.571910125929 0.42 0.44
0.142857142857143 3.96 3.98 544.571910125929 601.845037872082 0.42 0.44
0.142857142857143 3.96 3.98 445.857770082517 492.749041093256 0.44 0.46
0.2 3.96 3.98 492.749041093256 544.571910125929 0.46 0.48
0.0909090909090909 3.96 3.98 403.428793492735 445.857770082517 0.58 0.6
0.25 3.96 3.98 445.857770082517 492.749041093256 0.58 0.6
0.111111111111111 3.96 3.98 492.749041093256 544.571910125929 0.6 0.62
0.0769230769230769 3.96 3.98 492.749041093256 544.571910125929 0.66 0.68
0.25 3.96 3.98 544.571910125929 601.845037872082 0.66 0.68
0.142857142857143 3.98 4 365.037467865329 403.428793492735 0.04 0.06
0.166666666666667 3.98 4 403.428793492735 445.857770082517 0.04 0.06
0.125 3.98 4 445.857770082517 492.749041093256 0.06 0.08
0.0909090909090909 3.98 4 445.857770082517 492.749041093256 0.08 0.1
0.142857142857143 3.98 4 403.428793492735 445.857770082517 0.1 0.12
0.2 3.98 4 492.749041093256 544.571910125929 0.18 0.2
0.142857142857143 3.98 4 445.857770082517 492.749041093256 0.24 0.26
0.2 3.98 4 492.749041093256 544.571910125929 0.28 0.3
0.111111111111111 3.98 4 365.037467865329 403.428793492735 0.3 0.32
0.111111111111111 3.98 4 445.857770082517 492.749041093256 0.36 0.38
0.111111111111111 3.98 4 544.571910125929 601.845037872082 0.38 0.4
0.25 3.98 4 544.571910125929 601.845037872082 0.4 0.42
0.0909090909090909 3.98 4 492.749041093256 544.571910125929 0.44 0.46
0.25 3.98 4 403.428793492735 445.857770082517 0.5 0.52
0.0909090909090909 3.98 4 445.857770082517 492.749041093256 0.52 0.54
0.0833333333333333 3.98 4 492.749041093256 544.571910125929 0.62 0.64
0.142857142857143 3.98 4 492.749041093256 544.571910125929 0.74 0.76
0.2 4 4.02 492.749041093256 544.571910125929 0 0.02
0.25 4 4.02 492.749041093256 544.571910125929 0.02 0.04
0.333333333333333 4 4.02 445.857770082517 492.749041093256 0.04 0.06
0.333333333333333 4 4.02 544.571910125929 601.845037872082 0.04 0.06
0.5 4 4.02 445.857770082517 492.749041093256 0.06 0.08
0.25 4 4.02 492.749041093256 544.571910125929 0.08 0.1
0.25 4 4.02 365.037467865329 403.428793492735 0.12 0.14
0.333333333333333 4 4.02 492.749041093256 544.571910125929 0.26 0.28
0.5 4 4.02 492.749041093256 544.571910125929 0.3 0.32
0.5 4 4.02 492.749041093256 544.571910125929 0.32 0.34
0.25 4 4.02 403.428793492735 445.857770082517 0.34 0.36
0.25 4 4.02 544.571910125929 601.845037872082 0.34 0.36
0.142857142857143 4 4.02 492.749041093256 544.571910125929 0.4 0.42
0.5 4 4.02 492.749041093256 544.571910125929 0.42 0.44
0.25 4 4.02 445.857770082517 492.749041093256 0.48 0.5
1 4 4.02 492.749041093256 544.571910125929 0.48 0.5
0.333333333333333 4 4.02 544.571910125929 601.845037872082 0.54 0.56
0.111111111111111 4 4.02 544.571910125929 601.845037872082 0.58 0.6
0.333333333333333 4 4.02 544.571910125929 601.845037872082 0.62 0.64
0.5 4 4.02 544.571910125929 601.845037872082 0.76 0.78
0.25 4.02 4.04 492.749041093256 544.571910125929 0 0.02
0.333333333333333 4.02 4.04 544.571910125929 601.845037872082 0 0.02
0.333333333333333 4.02 4.04 445.857770082517 492.749041093256 0.04 0.06
0.5 4.02 4.04 492.749041093256 544.571910125929 0.04 0.06
0.5 4.02 4.04 445.857770082517 492.749041093256 0.08 0.1
0.333333333333333 4.02 4.04 492.749041093256 544.571910125929 0.12 0.14
0.333333333333333 4.02 4.04 403.428793492735 445.857770082517 0.14 0.16
0.2 4.02 4.04 445.857770082517 492.749041093256 0.16 0.18
0.333333333333333 4.02 4.04 544.571910125929 601.845037872082 0.3 0.32
0.333333333333333 4.02 4.04 365.037467865329 403.428793492735 0.42 0.44
0.5 4.02 4.04 492.749041093256 544.571910125929 0.42 0.44
0.333333333333333 4.02 4.04 544.571910125929 601.845037872082 0.42 0.44
0.333333333333333 4.04 4.06 492.749041093256 544.571910125929 0 0.02
0.25 4.04 4.06 544.571910125929 601.845037872082 0 0.02
0.333333333333333 4.04 4.06 544.571910125929 601.845037872082 0.04 0.06
0.333333333333333 4.04 4.06 544.571910125929 601.845037872082 0.16 0.18
0.4 4.04 4.06 492.749041093256 544.571910125929 0.18 0.2
0.5 4.04 4.06 445.857770082517 492.749041093256 0.2 0.22
0.333333333333333 4.04 4.06 492.749041093256 544.571910125929 0.24 0.26
1 4.04 4.06 601.845037872082 665.141633044362 0.58 0.6
0.2 4.04 4.06 544.571910125929 601.845037872082 0.62 0.64
0.333333333333333 4.04 4.06 544.571910125929 601.845037872082 0.66 0.68
0.5 4.06 4.08 445.857770082517 492.749041093256 0.12 0.14
0.166666666666667 4.06 4.08 492.749041093256 544.571910125929 0.16 0.18
0.333333333333333 4.06 4.08 544.571910125929 601.845037872082 0.48 0.5
0.5 4.06 4.08 544.571910125929 601.845037872082 0.64 0.66
0.25 4.08 4.1 544.571910125929 601.845037872082 0.1 0.12
0.142857142857143 4.08 4.1 492.749041093256 544.571910125929 0.12 0.14
0.25 4.08 4.1 544.571910125929 601.845037872082 0.12 0.14
0.333333333333333 4.08 4.1 492.749041093256 544.571910125929 0.16 0.18
1 4.08 4.1 492.749041093256 544.571910125929 0.34 0.36
0.2 4.08 4.1 445.857770082517 492.749041093256 0.5 0.52
0.25 4.08 4.1 492.749041093256 544.571910125929 0.54 0.56
0.2 4.08 4.1 492.749041093256 544.571910125929 0.62 0.64
0.5 4.1 4.12 544.571910125929 601.845037872082 0.04 0.06
0.2 4.1 4.12 445.857770082517 492.749041093256 0.14 0.16
0.333333333333333 4.1 4.12 492.749041093256 544.571910125929 0.16 0.18
1 4.1 4.12 445.857770082517 492.749041093256 0.18 0.2
0.142857142857143 4.1 4.12 544.571910125929 601.845037872082 0.18 0.2
0.5 4.1 4.12 492.749041093256 544.571910125929 0.22 0.24
0.5 4.1 4.12 544.571910125929 601.845037872082 0.22 0.24
0.2 4.1 4.12 492.749041093256 544.571910125929 0.32 0.34
1 4.1 4.12 492.749041093256 544.571910125929 0.38 0.4
0.25 4.1 4.12 403.428793492735 445.857770082517 0.44 0.46
0.5 4.1 4.12 492.749041093256 544.571910125929 0.5 0.52
0.333333333333333 4.1 4.12 492.749041093256 544.571910125929 0.54 0.56
1 4.12 4.14 544.571910125929 601.845037872082 0.04 0.06
0.5 4.12 4.14 544.571910125929 601.845037872082 0.1 0.12
1 4.12 4.14 601.845037872082 665.141633044362 0.14 0.16
1 4.12 4.14 601.845037872082 665.141633044362 0.18 0.2
0.5 4.12 4.14 492.749041093256 544.571910125929 0.2 0.22
1 4.12 4.14 492.749041093256 544.571910125929 0.22 0.24
0.166666666666667 4.12 4.14 601.845037872082 665.141633044362 0.24 0.26
0.333333333333333 4.12 4.14 445.857770082517 492.749041093256 0.26 0.28
0.5 4.12 4.14 544.571910125929 601.845037872082 0.42 0.44
0.25 4.12 4.14 492.749041093256 544.571910125929 0.52 0.54
0.5 4.14 4.16 601.845037872082 665.141633044362 0.04 0.06
1 4.14 4.16 601.845037872082 665.141633044362 0.1 0.12
0.333333333333333 4.14 4.16 445.857770082517 492.749041093256 0.26 0.28
0.5 4.14 4.16 544.571910125929 601.845037872082 0.36 0.38
1 4.14 4.16 601.845037872082 665.141633044362 0.38 0.4
0.166666666666667 4.14 4.16 492.749041093256 544.571910125929 0.4 0.42
0.5 4.14 4.16 601.845037872082 665.141633044362 0.56 0.58
1 4.16 4.18 544.571910125929 601.845037872082 0.06 0.08
0.333333333333333 4.16 4.18 601.845037872082 665.141633044362 0.46 0.48
0.166666666666667 4.18 4.2 445.857770082517 492.749041093256 0.06 0.08
0.333333333333333 4.18 4.2 544.571910125929 601.845037872082 0.26 0.28
0.142857142857143 4.18 4.2 544.571910125929 601.845037872082 0.46 0.48
0.25 4.2 4.22 544.571910125929 601.845037872082 0.1 0.12
0.333333333333333 4.2 4.22 601.845037872082 665.141633044362 0.36 0.38
1 4.22 4.24 601.845037872082 665.141633044362 0.1 0.12
0.333333333333333 4.22 4.24 601.845037872082 665.141633044362 0.22 0.24
0.5 4.22 4.24 544.571910125929 601.845037872082 0.66 0.68
0.25 4.24 4.26 544.571910125929 601.845037872082 0.04 0.06
0.25 4.24 4.26 544.571910125929 601.845037872082 0.58 0.6
0.5 4.26 4.28 544.571910125929 601.845037872082 0.2 0.22
0.25 4.26 4.28 601.845037872082 665.141633044362 0.48 0.5
0.5 4.28 4.3 601.845037872082 665.141633044362 0.14 0.16
0.5 4.28 4.3 601.845037872082 665.141633044362 0.56 0.58
0.25 4.3 4.32 601.845037872082 665.141633044362 0.1 0.12
0.5 4.3 4.32 601.845037872082 665.141633044362 0.22 0.24
0.166666666666667 4.32 4.34 544.571910125929 601.845037872082 0.04 0.06
0.166666666666667 4.32 4.34 601.845037872082 665.141633044362 0.24 0.26
0.166666666666667 4.32 4.34 492.749041093256 544.571910125929 0.4 0.42
0.5 4.34 4.36 601.845037872082 665.141633044362 0.12 0.14
0.142857142857143 4.34 4.36 601.845037872082 665.141633044362 0.44 0.46
0.5 4.36 4.38 665.141633044362 735.095189241973 0.02 0.04
0.25 4.4 4.42 665.141633044362 735.095189241973 0.1 0.12
0.2 4.42 4.44 601.845037872082 665.141633044362 0.28 0.3
0.25 4.44 4.46 601.845037872082 665.141633044362 0.02 0.04
0.5 4.48 4.5 544.571910125929 601.845037872082 0.42 0.44
